Date,Open,High,Low,Close,Adj Close,Volume
2012-01-03,6.640000,6.960000,6.590000,6.760000,6.760000,42035300
2012-01-04,6.700000,7.050000,6.600000,6.990000,6.990000,43038500
2012-01-05,6.960000,7.330000,6.900000,7.160000,7.160000,53469800
2012-01-06,7.170000,7.320000,7.050000,7.200000,7.200000,33006500
2012-01-09,7.230000,7.340000,7.120000,7.290000,7.290000,28692200
2012-01-10,7.400000,7.440000,7.210000,7.250000,7.250000,26672800
2012-01-11,7.270000,7.290000,7.140000,7.220000,7.220000,20210400
2012-01-12,7.220000,7.320000,7.120000,7.270000,7.270000,30026700
2012-01-13,7.220000,7.290000,7.090000,7.230000,7.230000,29225000
2012-01-17,7.300000,7.380000,7.140000,7.160000,7.160000,30684100
2012-01-18,7.250000,7.750000,7.210000,7.650000,7.650000,48911100
2012-01-19,7.730000,7.940000,7.680000,7.880000,7.880000,43923400
2012-01-20,7.830000,7.980000,7.680000,7.760000,7.760000,38677500
2012-01-23,7.790000,8.060000,7.770000,7.870000,7.870000,33180100
2012-01-24,7.850000,7.970000,7.770000,7.950000,7.950000,29248700
2012-01-25,8.000000,8.040000,7.790000,7.860000,7.860000,30951100
2012-01-26,7.770000,7.800000,7.450000,7.550000,7.550000,42242300
2012-01-27,7.470000,7.620000,7.340000,7.430000,7.430000,29119800
2012-01-30,7.340000,7.590000,7.290000,7.560000,7.560000,21759000
2012-01-31,7.600000,7.680000,7.520000,7.600000,7.600000,21798900
2012-02-01,7.740000,7.840000,7.600000,7.700000,7.700000,26899200
2012-02-02,7.730000,7.810000,7.680000,7.720000,7.720000,20660800
2012-02-03,7.880000,7.970000,7.740000,7.950000,7.950000,15179500
2012-02-06,7.700000,7.880000,7.680000,7.730000,7.730000,32638600
2012-02-07,7.730000,7.920000,7.700000,7.880000,7.880000,20245400
2012-02-08,7.940000,8.230000,7.890000,8.170000,8.170000,42113700
2012-02-09,8.200000,8.200000,7.990000,8.160000,8.160000,27434500
2012-02-10,8.090000,8.110000,7.800000,7.910000,7.910000,26191000
2012-02-13,8.020000,8.020000,7.700000,7.850000,7.850000,24807300
2012-02-14,7.920000,8.360000,7.920000,8.340000,8.340000,41142100
2012-02-15,8.400000,8.550000,8.270000,8.280000,8.280000,33448200
2012-02-16,8.380000,8.500000,8.300000,8.460000,8.460000,18749000
2012-02-17,8.440000,8.580000,8.340000,8.430000,8.430000,18917300
2012-02-21,8.430000,8.460000,8.160000,8.210000,8.210000,18768100
2012-02-22,8.210000,8.240000,8.010000,8.040000,8.040000,19381700
2012-02-23,8.030000,8.030000,7.740000,7.820000,7.820000,31618800
2012-02-24,7.890000,8.070000,7.850000,7.950000,7.950000,17292600
2012-02-27,8.350000,8.790000,8.310000,8.560000,8.560000,59879300
2012-02-28,8.800000,9.160000,8.770000,8.880000,8.880000,71856200
2012-02-29,9.070000,9.100000,8.510000,8.550000,8.550000,48164700
2012-03-01,8.590000,8.840000,8.530000,8.710000,8.710000,33725100
2012-03-02,8.740000,8.910000,8.610000,8.650000,8.650000,24787200
2012-03-05,8.560000,8.590000,8.170000,8.200000,8.200000,30167800
2012-03-06,7.970000,8.040000,7.780000,8.000000,8.000000,37490200
2012-03-07,8.040000,8.250000,7.840000,8.090000,8.090000,32056600
2012-03-08,8.130000,8.240000,8.010000,8.160000,8.160000,18794500
2012-03-09,8.160000,8.360000,8.120000,8.330000,8.330000,25549500
2012-03-12,8.260000,8.300000,8.010000,8.080000,8.080000,19889300
2012-03-13,8.240000,8.500000,8.200000,8.490000,8.490000,31182100
2012-03-14,8.680000,8.850000,8.520000,8.580000,8.580000,34004800
2012-03-15,8.630000,8.890000,8.460000,8.830000,8.830000,34668100
2012-03-16,8.870000,8.890000,8.670000,8.820000,8.820000,33081100
2012-03-19,8.760000,8.800000,8.610000,8.630000,8.630000,26237300
2012-03-20,8.580000,8.630000,8.450000,8.570000,8.570000,18186300
2012-03-21,8.740000,8.980000,8.710000,8.740000,8.740000,30788500
2012-03-22,8.730000,8.770000,8.480000,8.710000,8.710000,33388600
2012-03-23,8.490000,8.610000,8.250000,8.400000,8.400000,47816200
2012-03-26,8.420000,8.440000,8.110000,8.250000,8.250000,35598900
2012-03-27,8.330000,8.650000,8.310000,8.580000,8.580000,39442300
2012-03-28,8.510000,8.750000,8.450000,8.640000,8.640000,35128600
2012-03-29,8.610000,8.760000,8.410000,8.420000,8.420000,45879200
2012-03-30,8.530000,8.540000,8.080000,8.100000,8.100000,50946900
2012-04-02,8.170000,8.250000,7.960000,8.100000,8.100000,27362500
2012-04-03,8.030000,8.090000,7.920000,7.990000,7.990000,26508300
2012-04-04,7.750000,7.800000,7.450000,7.660000,7.660000,52000600
2012-04-05,7.650000,7.780000,7.580000,7.590000,7.590000,19809500
2012-04-09,7.440000,7.470000,7.330000,7.350000,7.350000,17380900
2012-04-10,7.320000,7.420000,7.030000,7.150000,7.150000,23149500
2012-04-11,7.230000,7.430000,7.150000,7.170000,7.170000,22609600
2012-04-12,7.280000,7.550000,7.110000,7.150000,7.150000,57618700
2012-04-13,7.070000,7.100000,6.930000,6.960000,6.960000,97311100
2012-04-16,7.050000,7.200000,6.950000,7.120000,7.120000,56312600
2012-04-17,7.150000,7.330000,7.090000,7.240000,7.240000,40078800
2012-04-18,7.160000,7.230000,7.040000,7.070000,7.070000,28851500
2012-04-19,7.070000,7.310000,6.960000,7.010000,7.010000,31230600
2012-04-20,6.800000,6.840000,6.640000,6.640000,6.640000,50173100
2012-04-23,6.550000,6.750000,6.460000,6.630000,6.630000,35940900
2012-04-24,6.660000,6.740000,6.500000,6.510000,6.510000,28535200
2012-04-25,6.640000,6.690000,6.400000,6.520000,6.520000,31170000
2012-04-26,6.500000,6.680000,6.500000,6.600000,6.600000,24063100
2012-04-27,6.650000,6.680000,6.490000,6.570000,6.570000,23209100
2012-04-30,6.570000,6.680000,6.510000,6.590000,6.590000,19132600
2012-05-01,6.570000,6.830000,6.520000,6.680000,6.680000,29565100
2012-05-02,6.650000,6.870000,6.650000,6.820000,6.820000,28171600
2012-05-03,6.910000,6.970000,6.420000,6.470000,6.470000,34534500
2012-05-04,6.650000,6.890000,6.550000,6.550000,6.550000,34523000
2012-05-07,6.600000,6.750000,6.400000,6.500000,6.500000,36590900
2012-05-08,6.430000,6.430000,6.090000,6.240000,6.240000,35849500
2012-05-09,6.130000,6.440000,6.040000,6.360000,6.360000,36700200
2012-05-10,6.450000,6.470000,6.210000,6.290000,6.290000,25417400
2012-05-11,6.240000,6.410000,6.220000,6.360000,6.360000,18440800
2012-05-14,6.210000,6.270000,6.100000,6.210000,6.210000,30453100
2012-05-15,6.170000,6.180000,5.960000,6.020000,6.020000,44146400
2012-05-16,6.110000,6.530000,6.020000,6.150000,6.150000,54051400
2012-05-17,6.160000,6.250000,5.910000,5.950000,5.950000,32690400
2012-05-18,6.000000,6.010000,5.590000,5.630000,5.630000,33622900
2012-05-21,5.650000,5.810000,5.630000,5.780000,5.780000,27203500
2012-05-22,5.810000,5.840000,5.630000,5.710000,5.710000,25413200
2012-05-23,5.630000,5.800000,5.590000,5.750000,5.750000,25617400
2012-05-24,5.750000,5.830000,5.670000,5.740000,5.740000,22189900
2012-05-25,5.760000,6.010000,5.750000,5.960000,5.960000,21177100
2012-05-29,6.040000,6.150000,6.020000,6.120000,6.120000,20990400
2012-05-30,6.040000,6.050000,5.890000,5.990000,5.990000,25220500
2012-05-31,5.990000,5.990000,5.740000,5.840000,5.840000,30707900
2012-06-01,5.700000,5.750000,5.400000,5.450000,5.450000,30331900
2012-06-04,5.470000,5.560000,5.300000,5.390000,5.390000,18704000
2012-06-05,5.410000,5.650000,5.390000,5.600000,5.600000,31258900
2012-06-06,5.670000,5.810000,5.640000,5.750000,5.750000,35081500
2012-06-07,5.870000,5.890000,5.640000,5.670000,5.670000,33187500
2012-06-08,5.650000,5.900000,5.640000,5.880000,5.880000,19022300
2012-06-11,5.970000,6.040000,5.700000,5.710000,5.710000,21462000
2012-06-12,5.720000,5.940000,5.720000,5.920000,5.920000,21282500
2012-06-13,5.910000,5.990000,5.810000,5.860000,5.860000,31202500
2012-06-14,5.850000,5.890000,5.650000,5.760000,5.760000,32597900
2012-06-15,5.770000,5.900000,5.690000,5.890000,5.890000,27553500
2012-06-18,5.810000,6.000000,5.810000,5.940000,5.940000,19383900
2012-06-19,6.020000,6.150000,5.980000,6.100000,6.100000,22652800
2012-06-20,6.120000,6.200000,6.000000,6.120000,6.120000,30272100
2012-06-21,5.920000,5.970000,5.610000,5.650000,5.650000,51272200
2012-06-22,5.680000,5.750000,5.530000,5.740000,5.740000,33486500
2012-06-25,5.660000,5.730000,5.550000,5.590000,5.590000,19795900
2012-06-26,5.610000,5.690000,5.520000,5.630000,5.630000,17684200
2012-06-27,5.630000,5.740000,5.560000,5.720000,5.720000,13836100
2012-06-28,5.630000,5.980000,5.600000,5.970000,5.970000,34680300
2012-06-29,6.100000,6.320000,6.070000,6.310000,6.310000,32253900
2012-07-02,6.730000,6.820000,6.450000,6.550000,6.550000,51141600
2012-07-03,6.580000,6.930000,6.570000,6.890000,6.890000,46397000
2012-07-05,6.840000,6.910000,6.660000,6.810000,6.810000,21914500
2012-07-06,6.700000,6.750000,6.550000,6.720000,6.720000,22702200
2012-07-09,6.710000,6.820000,6.420000,6.490000,6.490000,19842000
2012-07-10,6.430000,6.480000,6.060000,6.160000,6.160000,36372300
2012-07-11,6.200000,6.250000,6.020000,6.210000,6.210000,33358600
2012-07-12,6.140000,6.180000,5.940000,6.130000,6.130000,38542700
2012-07-13,6.130000,6.240000,6.040000,6.130000,6.130000,25684400
2012-07-16,6.090000,6.100000,5.850000,6.000000,6.000000,27492500
2012-07-17,6.020000,6.080000,5.740000,5.770000,5.770000,35517600
2012-07-18,5.700000,5.960000,5.680000,5.840000,5.840000,24954300
2012-07-19,5.900000,6.010000,5.760000,5.780000,5.780000,23679200
2012-07-20,5.980000,6.130000,5.800000,5.830000,5.830000,44481200
2012-07-23,5.710000,5.800000,5.570000,5.620000,5.620000,42241400
2012-07-24,5.680000,5.760000,5.560000,5.730000,5.730000,32284100
2012-07-25,5.710000,5.930000,5.710000,5.840000,5.840000,27639700
2012-07-26,5.920000,6.080000,5.890000,5.960000,5.960000,22586300
2012-07-27,6.040000,6.300000,5.990000,6.280000,6.280000,23951500
2012-07-30,6.200000,6.240000,6.010000,6.110000,6.110000,27533800
2012-07-31,6.220000,6.500000,6.180000,6.210000,6.210000,51573800
2012-08-01,6.310000,6.420000,6.170000,6.270000,6.270000,23396400
2012-08-02,6.190000,6.300000,6.070000,6.160000,6.160000,17632000
2012-08-03,6.320000,6.450000,6.240000,6.330000,6.330000,22472200
2012-08-06,6.390000,6.640000,6.320000,6.570000,6.570000,26896900
2012-08-07,6.700000,6.980000,6.670000,6.820000,6.820000,43058500
2012-08-08,6.750000,6.940000,6.640000,6.890000,6.890000,31848700
2012-08-09,6.820000,6.920000,6.700000,6.810000,6.810000,20530400
2012-08-10,6.750000,6.850000,6.650000,6.760000,6.760000,22000700
2012-08-13,6.760000,6.780000,6.600000,6.720000,6.720000,15999100
2012-08-14,6.770000,6.780000,6.470000,6.550000,6.550000,27521900
2012-08-15,6.560000,6.590000,6.420000,6.490000,6.490000,34554600
2012-08-16,6.550000,6.670000,6.510000,6.610000,6.610000,15837900
2012-08-17,6.610000,6.690000,6.510000,6.570000,6.570000,14958900
2012-08-20,6.540000,6.600000,6.400000,6.490000,6.490000,16021800
2012-08-21,6.470000,6.630000,6.410000,6.460000,6.460000,24481500
2012-08-22,6.440000,6.480000,6.260000,6.320000,6.320000,26041200
2012-08-23,6.290000,6.300000,6.160000,6.260000,6.260000,18181300
2012-08-24,6.230000,6.310000,6.070000,6.300000,6.300000,19076600
2012-08-27,6.300000,6.310000,6.150000,6.230000,6.230000,13222300
2012-08-28,6.240000,6.300000,6.180000,6.200000,6.200000,14263800
2012-08-29,6.220000,6.290000,6.170000,6.200000,6.200000,16111300
2012-08-30,6.210000,6.260000,6.120000,6.180000,6.180000,18488300
2012-08-31,6.220000,6.300000,6.170000,6.210000,6.210000,20650100
2012-09-04,6.210000,6.220000,6.070000,6.090000,6.090000,18706900
2012-09-05,6.110000,6.210000,6.020000,6.190000,6.190000,29149500
2012-09-06,6.400000,6.700000,6.390000,6.680000,6.680000,45887300
2012-09-07,6.550000,6.570000,6.250000,6.420000,6.420000,63824900
2012-09-10,6.420000,6.490000,6.350000,6.410000,6.410000,21166500
2012-09-11,6.440000,6.480000,6.290000,6.360000,6.360000,29081200
2012-09-12,6.380000,6.480000,6.370000,6.470000,6.470000,16725000
2012-09-13,6.470000,6.660000,6.420000,6.600000,6.600000,30512400
2012-09-14,6.640000,6.800000,6.620000,6.700000,6.700000,20525400
2012-09-17,6.690000,6.740000,6.510000,6.570000,6.570000,20437100
2012-09-18,6.540000,6.570000,6.400000,6.480000,6.480000,18295100
2012-09-19,6.550000,6.720000,6.550000,6.650000,6.650000,24783700
2012-09-20,6.580000,6.600000,6.390000,6.450000,6.450000,37495900
2012-09-21,6.500000,6.520000,6.300000,6.360000,6.360000,26892900
2012-09-24,6.250000,6.260000,6.110000,6.260000,6.260000,38107000
2012-09-25,6.350000,6.360000,6.090000,6.110000,6.110000,36271200
2012-09-26,6.100000,6.100000,5.870000,5.940000,5.940000,33656700
2012-09-27,6.010000,6.070000,5.900000,6.020000,6.020000,38639200
2012-09-28,6.050000,6.240000,5.970000,5.980000,5.980000,41019800
2012-10-01,6.070000,6.100000,5.720000,5.770000,5.770000,40669400
2012-10-02,5.810000,5.850000,5.740000,5.840000,5.840000,20219900
2012-10-03,5.880000,5.900000,5.770000,5.840000,5.840000,14783500
2012-10-04,5.840000,5.890000,5.770000,5.880000,5.880000,14778900
2012-10-05,5.910000,6.030000,5.850000,5.890000,5.890000,17263600
2012-10-08,5.830000,5.900000,5.800000,5.850000,5.850000,11144500
2012-10-09,5.830000,5.860000,5.700000,5.760000,5.760000,16388700
2012-10-10,5.790000,5.800000,5.640000,5.760000,5.760000,16794300
2012-10-11,5.770000,5.790000,5.670000,5.750000,5.750000,23649500
2012-10-12,5.760000,5.800000,5.630000,5.670000,5.670000,20027100
2012-10-15,5.760000,5.760000,5.640000,5.720000,5.720000,15011600
2012-10-16,5.720000,5.800000,5.670000,5.780000,5.780000,16460300
2012-10-17,5.750000,5.850000,5.670000,5.780000,5.780000,16544400
2012-10-18,5.780000,5.820000,5.650000,5.650000,5.650000,16866700
2012-10-19,5.760000,5.770000,5.440000,5.450000,5.450000,23348000
2012-10-22,5.460000,5.470000,5.350000,5.440000,5.440000,26365300
2012-10-23,5.350000,5.490000,5.290000,5.410000,5.410000,36240300
2012-10-24,5.470000,5.500000,5.160000,5.170000,5.170000,35474400
2012-10-25,5.200000,5.710000,5.180000,5.690000,5.690000,46181100
2012-10-26,5.600000,5.690000,5.410000,5.470000,5.470000,28145300
2012-10-31,5.540000,5.650000,5.380000,5.430000,5.430000,18546200
2012-11-01,5.520000,5.800000,5.510000,5.790000,5.790000,20757200
2012-11-02,5.820000,5.870000,5.650000,5.710000,5.710000,24445700
2012-11-05,5.700000,5.880000,5.630000,5.840000,5.840000,20052000
2012-11-06,5.880000,6.090000,5.860000,6.090000,6.090000,46489800
2012-11-07,5.940000,6.020000,5.760000,5.910000,5.910000,39729900
2012-11-08,5.870000,5.930000,5.660000,5.690000,5.690000,30618500
2012-11-09,5.690000,5.800000,5.590000,5.620000,5.620000,22103800
2012-11-12,5.630000,5.690000,5.500000,5.570000,5.570000,19265200
2012-11-13,5.470000,5.810000,5.460000,5.740000,5.740000,29127300
2012-11-14,5.790000,5.820000,5.520000,5.560000,5.560000,21264400
2012-11-15,5.640000,5.640000,5.410000,5.470000,5.470000,19620000
2012-11-16,5.480000,5.520000,5.330000,5.470000,5.470000,25895300
2012-11-19,5.560000,5.670000,5.510000,5.540000,5.540000,28105900
2012-11-20,5.480000,5.590000,5.450000,5.560000,5.560000,17348700
2012-11-21,5.530000,5.560000,5.460000,5.520000,5.520000,17426100
2012-11-23,5.570000,5.710000,5.540000,5.680000,5.680000,13674700
2012-11-26,5.680000,5.790000,5.620000,5.700000,5.700000,29431300
2012-11-27,5.710000,5.780000,5.650000,5.680000,5.680000,34241300
2012-11-28,5.620000,5.790000,5.580000,5.770000,5.770000,24166600
2012-11-29,5.800000,5.920000,5.740000,5.910000,5.910000,25011800
2012-11-30,5.880000,5.980000,5.850000,5.970000,5.970000,20270200
2012-12-03,6.020000,6.030000,5.900000,5.930000,5.930000,15082300
2012-12-04,6.000000,6.050000,5.920000,6.040000,6.040000,20645500
2012-12-05,6.050000,6.200000,6.020000,6.180000,6.180000,18644200
2012-12-06,6.150000,6.420000,6.100000,6.410000,6.410000,30376200
2012-12-07,6.420000,6.510000,6.350000,6.440000,6.440000,22046900
2012-12-10,6.450000,6.730000,6.430000,6.670000,6.670000,32458100
2012-12-11,6.700000,6.840000,6.630000,6.770000,6.770000,24442700
2012-12-12,6.860000,6.860000,6.640000,6.710000,6.710000,28353700
2012-12-13,6.740000,6.800000,6.620000,6.660000,6.660000,24047400
2012-12-14,6.740000,6.890000,6.690000,6.850000,6.850000,23368900
2012-12-17,6.850000,6.900000,6.540000,6.610000,6.610000,34772400
2012-12-18,6.620000,6.710000,6.550000,6.700000,6.700000,28810700
2012-12-19,6.710000,6.870000,6.700000,6.820000,6.820000,25576000
2012-12-20,6.840000,6.870000,6.730000,6.790000,6.790000,19997000
2012-12-21,6.480000,6.490000,6.180000,6.320000,6.320000,58144400
2012-12-24,6.380000,6.380000,6.180000,6.230000,6.230000,6840000
2012-12-26,6.230000,6.340000,6.170000,6.180000,6.180000,10342300
2012-12-27,6.180000,6.260000,6.070000,6.220000,6.220000,18455400
2012-12-28,6.160000,6.280000,6.110000,6.130000,6.130000,15127400
2012-12-31,6.140000,6.360000,6.110000,6.340000,6.340000,18787600
2013-01-02,6.600000,6.670000,6.450000,6.630000,6.630000,29556500
2013-01-03,6.640000,6.970000,6.610000,6.900000,6.900000,39091500
2013-01-04,6.950000,6.960000,6.850000,6.960000,6.960000,18802700
2013-01-07,7.060000,7.280000,7.030000,7.180000,7.180000,31133300
2013-01-08,7.140000,7.290000,7.060000,7.230000,7.230000,30791800
2013-01-09,7.250000,7.380000,7.240000,7.310000,7.310000,20647500
2013-01-10,7.370000,7.440000,7.280000,7.420000,7.420000,18685600
2013-01-11,7.390000,7.560000,7.300000,7.540000,7.540000,25837200
2013-01-14,7.500000,7.690000,7.460000,7.600000,7.600000,31488200
2013-01-15,7.540000,7.620000,7.430000,7.600000,7.600000,20793800
2013-01-16,7.630000,7.750000,7.590000,7.670000,7.670000,18978000
2013-01-17,7.700000,7.870000,7.700000,7.810000,7.810000,28642800
2013-01-18,7.810000,7.990000,7.790000,7.890000,7.890000,33156900
2013-01-22,7.840000,7.930000,7.700000,7.840000,7.840000,23287200
2013-01-23,7.880000,7.900000,7.680000,7.780000,7.780000,23846100
2013-01-24,7.720000,7.890000,7.700000,7.830000,7.830000,18816000
2013-01-25,7.890000,8.080000,7.830000,7.870000,7.870000,30082500
2013-01-28,7.890000,7.990000,7.780000,7.820000,7.820000,20638000
2013-01-29,7.810000,7.820000,7.540000,7.580000,7.580000,35140300
2013-01-30,7.580000,7.730000,7.550000,7.650000,7.650000,21175000
2013-01-31,7.640000,7.700000,7.540000,7.560000,7.560000,25680800
2013-02-01,7.650000,7.840000,7.650000,7.830000,7.830000,18710800
2013-02-04,7.800000,8.010000,7.730000,7.760000,7.760000,27028200
2013-02-05,7.820000,7.930000,7.670000,7.870000,7.870000,21156900
2013-02-06,7.700000,8.060000,7.700000,7.950000,7.950000,46545300
2013-02-07,7.980000,8.040000,7.630000,7.730000,7.730000,58974800
2013-02-08,7.780000,7.810000,7.660000,7.750000,7.750000,24731700
2013-02-11,7.760000,7.950000,7.720000,7.910000,7.910000,20221800
2013-02-12,7.910000,7.980000,7.850000,7.920000,7.920000,19868600
2013-02-13,7.950000,7.980000,7.850000,7.950000,7.950000,15371200
2013-02-14,7.900000,8.090000,7.860000,8.080000,8.080000,24535600
2013-02-15,8.110000,8.220000,7.890000,7.910000,7.910000,40145400
2013-02-19,7.900000,8.120000,7.880000,8.120000,8.120000,24703800
2013-02-20,8.200000,8.250000,7.860000,7.880000,7.880000,32447700
2013-02-21,7.820000,7.880000,7.640000,7.680000,7.680000,37865800
2013-02-22,7.760000,8.030000,7.720000,8.020000,8.020000,28722100
2013-02-25,8.120000,8.220000,7.880000,7.930000,7.930000,36297900
2013-02-26,7.980000,8.080000,7.850000,7.960000,7.960000,25972800
2013-02-27,7.970000,8.230000,7.950000,8.180000,8.180000,21590500
2013-02-28,8.230000,8.500000,8.220000,8.380000,8.380000,44039800
2013-03-01,8.320000,8.360000,8.200000,8.250000,8.250000,19215200
2013-03-04,8.230000,8.540000,8.200000,8.400000,8.400000,40980800
2013-03-05,8.550000,8.790000,8.520000,8.730000,8.730000,36701000
2013-03-06,8.820000,8.880000,8.640000,8.650000,8.650000,19929100
2013-03-07,8.770000,8.950000,8.710000,8.940000,8.940000,26147300
2013-03-08,9.030000,9.240000,8.920000,9.200000,9.200000,34822800
2013-03-11,9.150000,9.400000,9.000000,9.350000,9.350000,43535800
2013-03-12,9.360000,9.450000,9.200000,9.320000,9.320000,35260600
2013-03-13,9.350000,9.660000,9.350000,9.510000,9.510000,41491000
2013-03-14,9.620000,9.740000,9.580000,9.690000,9.690000,25192800
2013-03-15,9.740000,9.750000,9.270000,9.370000,9.370000,43397000
2013-03-18,9.050000,9.320000,8.980000,9.180000,9.180000,28917300
2013-03-19,9.270000,9.410000,9.090000,9.240000,9.240000,26663100
2013-03-20,9.330000,9.480000,9.190000,9.310000,9.310000,31547600
2013-03-21,9.350000,9.370000,9.070000,9.070000,9.070000,39419600
2013-03-22,9.750000,10.270000,9.730000,10.040000,10.040000,99807600
2013-03-25,10.010000,10.130000,9.780000,9.880000,9.880000,39368000
2013-03-26,9.920000,10.100000,9.800000,9.920000,9.920000,29906700
2013-03-27,9.760000,10.040000,9.680000,9.960000,9.960000,27592700
2013-03-28,10.010000,10.030000,9.870000,9.980000,9.980000,21787500
2013-04-01,9.970000,9.980000,9.340000,9.380000,9.380000,44911900
2013-04-02,9.510000,9.710000,9.250000,9.300000,9.300000,36023200
2013-04-03,9.350000,9.450000,9.050000,9.100000,9.100000,31012800
2013-04-04,9.090000,9.330000,9.040000,9.310000,9.310000,30485200
2013-04-05,9.150000,9.590000,9.120000,9.310000,9.310000,41684200
2013-04-08,9.290000,9.410000,9.060000,9.390000,9.390000,27065000
2013-04-09,9.450000,9.670000,9.390000,9.570000,9.570000,21306900
2013-04-10,9.640000,10.220000,9.630000,10.090000,10.090000,49796900
2013-04-11,9.910000,10.150000,9.770000,9.980000,9.980000,28744300
2013-04-12,9.920000,10.090000,9.830000,10.010000,10.010000,19487800
2013-04-15,9.930000,9.960000,9.560000,9.560000,9.560000,28377200
2013-04-16,9.780000,9.890000,9.700000,9.870000,9.870000,28029600
2013-04-17,9.740000,9.760000,9.350000,9.390000,9.390000,37553400
2013-04-18,9.530000,9.580000,9.110000,9.230000,9.230000,34728800
2013-04-19,9.260000,9.470000,9.100000,9.350000,9.350000,32770600
2013-04-22,9.360000,9.430000,9.140000,9.310000,9.310000,25020600
2013-04-23,9.400000,9.490000,9.270000,9.420000,9.420000,24320300
2013-04-24,9.400000,9.500000,9.310000,9.420000,9.420000,21298900
2013-04-25,9.360000,9.640000,9.320000,9.530000,9.530000,28185700
2013-04-26,9.500000,9.730000,9.410000,9.430000,9.430000,20556000
2013-04-29,9.480000,9.500000,9.340000,9.350000,9.350000,17186600
2013-04-30,9.410000,9.460000,9.190000,9.420000,9.420000,27791600
2013-05-01,9.420000,9.470000,9.150000,9.200000,9.200000,29159700
2013-05-02,9.100000,9.360000,9.070000,9.320000,9.320000,26660200
2013-05-03,9.450000,9.700000,9.430000,9.630000,9.630000,23335200
2013-05-06,9.730000,9.940000,9.700000,9.760000,9.760000,21108200
2013-05-07,9.800000,9.980000,9.660000,9.970000,9.970000,26888100
2013-05-08,9.920000,10.260000,9.820000,10.240000,10.240000,37045600
2013-05-09,10.220000,10.750000,10.210000,10.710000,10.710000,46665700
2013-05-10,10.600000,10.900000,10.600000,10.820000,10.820000,35312700
2013-05-13,10.750000,10.810000,10.600000,10.660000,10.660000,22562900
2013-05-14,10.700000,10.710000,10.520000,10.650000,10.650000,20576300
2013-05-15,10.680000,11.000000,10.630000,10.870000,10.870000,25065200
2013-05-16,10.930000,11.260000,10.930000,11.060000,11.060000,35917300
2013-05-17,11.160000,11.420000,11.130000,11.310000,11.310000,30543500
2013-05-20,11.310000,11.400000,11.080000,11.210000,11.210000,24658400
2013-05-21,11.210000,11.320000,11.160000,11.230000,11.230000,18960900
2013-05-22,11.230000,11.680000,10.800000,10.920000,10.920000,51844400
2013-05-23,10.730000,11.490000,10.570000,11.390000,11.390000,57163600
2013-05-24,11.300000,11.660000,11.290000,11.590000,11.590000,28601200
2013-05-28,11.740000,11.880000,11.690000,11.780000,11.780000,25633800
2013-05-29,11.690000,11.920000,11.600000,11.830000,11.830000,25205300
2013-05-30,11.810000,11.990000,11.750000,11.890000,11.890000,25785400
2013-05-31,11.830000,11.910000,11.680000,11.680000,11.680000,23852400
2013-06-03,11.740000,11.990000,11.410000,11.730000,11.730000,26382900
2013-06-04,11.730000,12.000000,11.650000,11.710000,11.710000,26370500
2013-06-05,11.690000,12.140000,11.670000,12.020000,12.020000,40890700
2013-06-06,12.180000,12.540000,12.140000,12.350000,12.350000,47860200
2013-06-07,12.560000,12.720000,12.370000,12.650000,12.650000,32419000
2013-06-10,12.640000,13.080000,12.640000,12.950000,12.950000,40488200
2013-06-11,12.870000,13.200000,12.630000,12.810000,12.810000,49707600
2013-06-12,12.980000,13.120000,12.460000,12.490000,12.490000,34199300
2013-06-13,12.530000,12.920000,12.470000,12.910000,12.910000,30212000
2013-06-14,13.080000,13.160000,12.640000,12.760000,12.760000,29740300
2013-06-17,13.160000,13.500000,13.080000,13.240000,13.240000,50588300
2013-06-18,13.340000,13.760000,13.310000,13.750000,13.750000,57594500
2013-06-19,13.820000,14.110000,13.640000,13.970000,13.970000,83958500
2013-06-20,13.480000,13.810000,13.190000,13.540000,13.540000,75247900
2013-06-21,13.850000,14.050000,13.700000,13.900000,13.900000,73389200
2013-06-24,13.810000,13.870000,13.160000,13.460000,13.460000,68189200
2013-06-25,13.740000,13.820000,13.420000,13.750000,13.750000,32876400
2013-06-26,13.890000,14.310000,13.870000,14.180000,14.180000,44886100
2013-06-27,14.300000,14.530000,14.270000,14.340000,14.340000,38747100
2013-06-28,14.300000,14.470000,14.020000,14.330000,14.330000,36612300
2013-07-01,14.470000,14.600000,14.180000,14.270000,14.270000,33909600
2013-07-02,14.030000,14.330000,13.850000,14.310000,14.310000,61198800
2013-07-03,14.290000,14.290000,14.110000,14.140000,14.140000,24489300
2013-07-05,14.270000,14.370000,14.120000,14.310000,14.310000,29746900
2013-07-08,14.360000,14.360000,13.870000,14.030000,14.030000,53084600
2013-07-09,14.080000,14.140000,13.080000,13.140000,13.140000,91816900
2013-07-10,12.930000,13.240000,12.470000,12.550000,12.550000,89592900
2013-07-11,12.870000,12.880000,12.470000,12.700000,12.700000,52215600
2013-07-12,12.740000,12.850000,12.570000,12.690000,12.690000,33419400
2013-07-15,12.760000,13.190000,12.650000,13.070000,13.070000,30926300
2013-07-16,13.160000,13.410000,13.100000,13.380000,13.380000,42885300
2013-07-17,13.450000,13.720000,13.360000,13.590000,13.590000,32539300
2013-07-18,13.790000,13.860000,13.630000,13.690000,13.690000,38727500
2013-07-19,13.670000,13.730000,13.440000,13.730000,13.730000,27734400
2013-07-22,13.620000,13.910000,13.620000,13.830000,13.830000,24337500
2013-07-23,13.890000,14.060000,13.620000,13.640000,13.640000,38691100
2013-07-24,13.800000,13.830000,13.080000,13.110000,13.110000,46712000
2013-07-25,12.950000,13.430000,12.800000,13.290000,13.290000,42692600
2013-07-26,13.060000,13.100000,12.510000,12.590000,12.590000,68782400
2013-07-29,12.670000,12.870000,12.390000,12.470000,12.470000,40786800
2013-07-30,12.500000,12.690000,12.310000,12.600000,12.600000,48759000
2013-07-31,12.670000,13.290000,12.650000,13.240000,13.240000,45062600
2013-08-01,13.380000,13.630000,13.300000,13.570000,13.570000,32858900
2013-08-02,13.500000,13.600000,13.330000,13.500000,13.500000,26500600
2013-08-05,13.510000,14.180000,13.500000,14.170000,14.170000,43741000
2013-08-06,14.160000,14.240000,13.940000,14.140000,14.140000,29094900
2013-08-07,14.000000,14.040000,13.600000,13.810000,13.810000,34736800
2013-08-08,13.810000,14.050000,13.610000,13.950000,13.950000,39511800
2013-08-09,13.750000,14.520000,13.740000,13.990000,13.990000,64619700
2013-08-12,13.950000,14.160000,13.770000,13.830000,13.830000,35376800
2013-08-13,14.140000,14.980000,14.080000,14.970000,14.970000,84457700
2013-08-14,14.820000,15.070000,14.570000,14.820000,14.820000,47850600
2013-08-15,14.410000,14.410000,13.970000,14.130000,14.130000,53528900
2013-08-16,14.170000,14.350000,13.950000,14.010000,14.010000,30624000
2013-08-19,14.000000,14.030000,13.770000,13.800000,13.800000,25506900
2013-08-20,13.810000,13.910000,13.650000,13.800000,13.800000,24379600
2013-08-21,13.810000,13.900000,13.560000,13.630000,13.630000,29709100
2013-08-22,13.750000,14.080000,13.740000,13.860000,13.860000,15091700
2013-08-23,13.910000,13.930000,13.730000,13.860000,13.860000,15663000
2013-08-26,13.900000,13.920000,13.720000,13.780000,13.780000,16331500
2013-08-27,13.560000,13.590000,13.050000,13.180000,13.180000,39898700
2013-08-28,13.180000,13.350000,13.060000,13.240000,13.240000,36138600
2013-08-29,13.230000,13.740000,13.230000,13.570000,13.570000,23787700
2013-08-30,13.590000,13.680000,13.300000,13.570000,13.570000,22278600
2013-09-03,13.780000,14.150000,13.700000,14.010000,14.010000,37060500
2013-09-04,14.970000,15.270000,14.440000,14.750000,14.750000,117540600
2013-09-05,14.950000,15.210000,14.940000,15.170000,15.170000,38713900
2013-09-06,15.240000,15.360000,14.960000,15.260000,15.260000,38111000
2013-09-09,15.400000,15.690000,15.300000,15.620000,15.620000,32745800
2013-09-10,15.900000,16.650000,15.870000,16.260000,16.260000,80821300
2013-09-11,16.299999,16.600000,16.000000,16.490000,16.490000,48497900
2013-09-12,16.520000,16.850000,16.139999,16.200001,16.200001,55883900
2013-09-13,16.000000,16.240000,15.670000,16.200001,16.200001,55788100
2013-09-16,16.540001,16.690001,16.410000,16.440001,16.440001,35709000
2013-09-17,16.469999,16.860001,16.230000,16.840000,16.840000,32439700
2013-09-18,16.879999,17.299999,16.820000,17.270000,17.270000,43515600
2013-09-19,17.510000,17.590000,17.020000,17.160000,17.160000,43702900
2013-09-20,17.240000,17.490000,17.129999,17.230000,17.230000,30036800
2013-09-23,17.230000,17.350000,16.740000,17.049999,17.049999,30442400
2013-09-24,17.129999,17.160000,16.830000,17.040001,17.040001,34793100
2013-09-25,17.059999,17.330000,16.940001,16.969999,16.969999,44413400
2013-09-26,17.320000,17.530001,17.180000,17.469999,17.469999,49153400
2013-09-27,17.469999,17.950001,17.410000,17.620001,17.620001,45015600
2013-09-30,17.320000,17.639999,17.139999,17.469999,17.469999,30082400
2013-10-01,17.540001,17.750000,17.340000,17.610001,17.610001,32979500
2013-10-02,17.650000,18.129999,17.549999,17.660000,17.660000,49128100
2013-10-03,17.940001,18.100000,17.370001,18.020000,18.020000,59041700
2013-10-04,18.080000,18.549999,18.010000,18.469999,18.469999,48080600
2013-10-07,18.770000,18.850000,18.480000,18.490000,18.490000,61970900
2013-10-08,18.600000,18.650000,17.730000,17.930000,17.930000,57008600
2013-10-09,18.030001,18.450001,17.150000,18.150000,18.150000,67714300
2013-10-10,18.360001,18.590000,18.059999,18.430000,18.430000,78690500
2013-10-11,17.889999,18.010000,16.559999,16.840000,16.840000,153906100
2013-10-14,16.570000,17.150000,16.170000,17.070000,17.070000,62909500
2013-10-15,17.080000,17.430000,16.840000,16.920000,16.920000,63043900
2013-10-16,17.080000,17.299999,16.910000,16.959999,16.959999,49096400
2013-10-17,17.000000,17.160000,16.740000,17.150000,17.150000,40714800
2013-10-18,17.170000,17.250000,16.959999,17.030001,17.030001,34970600
2013-10-21,17.030001,17.139999,16.510000,16.570000,16.570000,44886200
2013-10-22,16.700001,16.940001,16.400000,16.760000,16.760000,48362800
2013-10-23,16.490000,16.590000,16.350000,16.549999,16.549999,39244600
2013-10-24,16.430000,16.920000,16.400000,16.830000,16.830000,30291300
2013-10-25,16.920000,16.990000,16.520000,16.580000,16.580000,28678300
2013-10-28,16.520000,16.750000,16.299999,16.719999,16.719999,19926900
2013-10-29,17.020000,17.500000,16.930000,17.500000,17.500000,51381400
2013-10-30,17.610001,17.639999,17.270000,17.389999,17.389999,32373200
2013-10-31,17.280001,17.799999,17.180000,17.680000,17.680000,42547400
2013-11-01,17.750000,17.910000,17.430000,17.580000,17.580000,41364500
2013-11-04,17.620001,17.990000,17.520000,17.889999,17.889999,37798300
2013-11-05,17.740000,17.790001,17.490000,17.670000,17.670000,23797000
2013-11-06,17.770000,17.820000,17.389999,17.500000,17.500000,21799500
2013-11-07,17.830000,18.160000,17.580000,17.719999,17.719999,54192000
2013-11-08,17.700001,18.120001,17.610001,18.110001,18.110001,33201300
2013-11-11,18.040001,18.280001,17.900000,18.270000,18.270000,36990400
2013-11-12,18.170000,18.670000,18.120001,18.629999,18.629999,32224800
2013-11-13,18.469999,18.990000,18.420000,18.920000,18.920000,38821200
2013-11-14,18.910000,19.200001,18.900000,19.190001,19.190001,31418000
2013-11-15,19.379999,19.830000,19.219999,19.459999,19.459999,51592800
2013-11-18,19.580000,19.879999,19.090000,19.290001,19.290001,47549900
2013-11-19,19.350000,19.870001,19.049999,19.059999,19.059999,51853700
2013-11-20,19.190001,19.219999,18.510000,18.799999,18.799999,44809000
2013-11-21,19.040001,20.110001,18.959999,19.990000,19.990000,93347300
2013-11-22,19.910000,20.320000,19.660000,20.190001,20.190001,40144800
2013-11-25,20.440001,20.500000,19.709999,19.860001,19.860001,33866000
2013-11-26,19.930000,20.410000,19.830000,20.309999,20.309999,33585000
2013-11-27,20.410000,21.190001,20.290001,21.170000,21.170000,40572700
2013-11-29,21.299999,21.309999,20.900000,21.100000,21.100000,20081800
2013-12-02,21.100000,21.639999,20.959999,21.270000,21.270000,34102800
2013-12-03,21.440001,21.900000,21.330000,21.830000,21.830000,43553100
2013-12-04,21.680000,21.930000,21.410000,21.760000,21.760000,34609000
2013-12-05,21.860001,22.090000,21.590000,21.650000,21.650000,30302800
2013-12-06,21.969999,22.309999,21.799999,22.309999,22.309999,32237800
2013-12-09,22.660000,23.670000,22.600000,23.120001,23.120001,65756700
2013-12-10,23.120001,23.440001,22.799999,23.139999,23.139999,41919500
2013-12-11,22.469999,22.910000,22.290001,22.500000,22.500000,52447500
2013-12-12,22.680000,23.090000,22.360001,22.540001,22.540001,52600200
2013-12-13,22.730000,23.200001,22.650000,23.080000,23.080000,31018700
2013-12-16,23.170000,23.420000,22.660000,22.770000,22.770000,35065800
2013-12-17,22.850000,22.980000,22.549999,22.920000,22.920000,26694900
2013-12-18,22.490000,22.490000,20.809999,21.809999,21.809999,106635200
2013-12-19,21.730000,22.280001,21.559999,21.620001,21.620001,37767000
2013-12-20,21.799999,22.580000,21.760000,22.170000,22.170000,49176400
2013-12-23,21.440001,21.670000,21.219999,21.490000,21.490000,40831000
2013-12-24,21.629999,21.900000,21.600000,21.820000,21.820000,12857500
2013-12-26,21.830000,22.250000,21.740000,21.740000,21.740000,17095500
2013-12-27,21.930000,21.990000,21.459999,21.520000,21.520000,19386300
2013-12-30,21.450001,21.680000,21.230000,21.299999,21.299999,19267100
2013-12-31,21.410000,21.930000,21.379999,21.750000,21.750000,25122400
2014-01-02,21.680000,21.790001,21.270000,21.660000,21.660000,26413500
2014-01-03,21.200001,21.430000,20.900000,20.969999,20.969999,34590200
2014-01-06,20.969999,20.969999,20.639999,20.670000,20.670000,38180500
2014-01-07,20.889999,21.940001,20.889999,21.730000,21.730000,67904500
2014-01-08,24.200001,24.500000,23.559999,23.870001,23.870001,93499500
2014-01-09,23.600000,23.709999,22.910000,23.240000,23.240000,42782900
2014-01-10,23.389999,23.719999,23.180000,23.709999,23.709999,33930200
2014-01-13,23.700001,23.799999,23.250000,23.330000,23.330000,27619700
2014-01-14,22.870001,23.790001,22.870001,23.670000,23.670000,33092200
2014-01-15,23.719999,23.760000,23.299999,23.330000,23.330000,26949000
2014-01-16,23.480000,23.590000,22.900000,23.129999,23.129999,28888700
2014-01-17,22.900000,23.280001,22.330000,22.379999,22.379999,46943200
2014-01-21,22.400000,23.180000,22.320000,23.120001,23.120001,29508700
2014-01-22,22.799999,23.790001,22.750000,23.650000,23.650000,31254300
2014-01-23,23.309999,23.650000,23.240000,23.639999,23.639999,29418600
2014-01-24,23.500000,23.650000,22.910000,22.920000,22.920000,30019100
2014-01-27,23.100000,23.370001,22.559999,22.900000,22.900000,30006400
2014-01-28,22.889999,23.200001,22.549999,23.049999,23.049999,27555900
2014-01-29,22.840000,23.270000,22.650000,22.709999,22.709999,21718400
2014-01-30,23.110001,23.760000,22.950001,23.450001,23.450001,32630000
2014-01-31,23.100000,23.500000,23.000000,23.040001,23.040001,29539000
2014-02-03,23.000000,23.629999,22.700001,22.809999,22.809999,36010100
2014-02-04,22.950001,23.180000,22.650000,23.000000,23.000000,20104700
2014-02-05,22.950001,23.480000,22.700001,23.309999,23.309999,26097800
2014-02-06,23.510000,24.770000,23.500000,24.110001,24.110001,65314700
2014-02-07,24.370001,24.639999,23.920000,24.510000,24.510000,47809700
2014-02-10,24.639999,25.240000,24.570000,24.870001,24.870001,28374800
2014-02-11,24.850000,25.070000,24.580000,24.709999,24.709999,21177200
2014-02-12,24.910000,25.160000,24.790001,24.889999,24.889999,23915300
2014-02-13,24.840000,25.010000,24.680000,24.910000,24.910000,23317000
2014-02-14,24.889999,25.299999,24.719999,25.080000,25.080000,32449600
2014-02-18,25.190001,25.660000,25.100000,25.420000,25.420000,34133700
2014-02-19,25.420000,25.680000,25.170000,25.420000,25.420000,27239800
2014-02-20,25.350000,25.660000,25.320000,25.490000,25.490000,23288000
2014-02-21,25.570000,25.590000,24.540001,25.080000,25.080000,44791800
2014-02-24,25.150000,25.219999,24.559999,24.750000,24.750000,33037900
2014-02-25,24.799999,25.000000,24.100000,24.260000,24.260000,37147600
2014-02-26,24.309999,24.730000,24.160000,24.219999,24.219999,20936900
2014-02-27,24.150000,24.340000,23.900000,24.190001,24.190001,39242800
2014-02-28,24.230000,24.360001,23.900000,24.190001,24.190001,33877300
2014-03-03,23.860001,24.770000,23.709999,24.480000,24.480000,35961800
2014-03-04,24.870001,25.150000,24.719999,25.110001,25.110001,32780000
2014-03-05,25.080000,25.129999,24.680000,24.830000,24.830000,25938700
2014-03-06,24.850000,24.870001,24.299999,24.770000,24.770000,32312100
2014-03-07,24.820000,24.889999,24.330000,24.420000,24.420000,23827000
2014-03-10,24.320000,24.940001,24.080000,24.850000,24.850000,23662500
2014-03-11,24.930000,25.070000,24.559999,24.670000,24.670000,21103100
2014-03-12,24.600000,24.940001,24.219999,24.840000,24.840000,19272800
2014-03-13,24.910000,24.940001,23.600000,24.110001,24.110001,35572900
2014-03-14,24.070000,24.320000,23.730000,23.959999,23.959999,24575000
2014-03-17,24.110001,24.170000,23.850000,23.930000,23.930000,17778700
2014-03-18,24.040001,24.600000,23.719999,24.490000,24.490000,27425600
2014-03-19,24.459999,24.620001,23.750000,23.980000,23.980000,19799500
2014-03-20,23.930000,24.360001,23.889999,24.010000,24.010000,19735500
2014-03-21,24.110001,24.260000,23.660000,23.660000,23.660000,32238500
2014-03-24,23.809999,24.100000,23.389999,23.480000,23.480000,23740900
2014-03-25,23.639999,23.920000,23.420000,23.530001,23.530001,17054900
2014-03-26,23.629999,23.889999,22.820000,22.830000,22.830000,24590700
2014-03-27,22.809999,22.830000,21.920000,22.240000,22.240000,35985000
2014-03-28,21.990000,22.540001,21.700001,21.910000,21.910000,37763700
2014-03-31,22.299999,23.680000,22.209999,23.660000,23.660000,39630300
2014-04-01,23.840000,24.459999,23.700001,24.440001,24.440001,36880800
2014-04-02,24.570000,24.600000,24.000000,24.350000,24.350000,24486300
2014-04-03,24.559999,24.730000,23.780001,24.000000,24.000000,40670000
2014-04-04,24.790001,24.850000,22.440001,22.580000,22.580000,77296000
2014-04-07,22.520000,22.980000,21.209999,21.709999,21.709999,63603900
2014-04-08,22.059999,22.430000,21.400000,22.209999,22.209999,44299000
2014-04-09,22.580000,22.840000,22.240000,22.600000,22.600000,31636000
2014-04-10,22.700001,22.950001,21.620001,21.680000,21.680000,37066500
2014-04-11,21.490000,21.930000,21.020000,21.129999,21.129999,35232600
2014-04-14,21.360001,22.139999,21.250000,21.900000,21.900000,31740100
2014-04-15,21.920000,22.240000,21.520000,22.170000,22.170000,25067600
2014-04-16,22.360001,22.570000,22.000000,22.480000,22.480000,21619500
2014-04-17,23.110001,24.139999,23.030001,23.910000,23.910000,46206900
2014-04-21,25.040001,25.389999,24.559999,25.320000,25.320000,45434800
2014-04-22,25.510000,26.280001,25.480000,26.180000,26.180000,45903400
2014-04-23,26.190001,26.459999,25.969999,26.250000,26.250000,32508700
2014-04-24,26.450001,26.620001,25.340000,26.160000,26.160000,39791400
2014-04-25,25.600000,25.680000,25.049999,25.260000,25.260000,26022500
2014-04-28,25.430000,25.730000,24.190001,24.580000,24.580000,32168000
2014-04-29,24.750000,25.299999,24.450001,25.100000,25.100000,19746700
2014-04-30,25.170000,26.120001,25.139999,26.120001,26.120001,28811800
2014-05-01,26.209999,26.820000,25.850000,26.250000,26.250000,28231400
2014-05-02,26.260000,26.639999,26.070000,26.309999,26.309999,18326000
2014-05-05,26.250000,26.840000,25.950001,26.740000,26.740000,21120800
2014-05-06,26.830000,27.180000,26.510000,26.680000,26.680000,23078300
2014-05-07,26.690001,26.870001,26.049999,26.420000,26.420000,24487200
2014-05-08,26.340000,27.400000,26.230000,26.930000,26.930000,27015400
2014-05-09,26.950001,27.059999,26.450001,26.840000,26.840000,20679100
2014-05-12,27.030001,27.540001,26.940001,27.510000,27.510000,22396900
2014-05-13,27.500000,27.780001,27.230000,27.629999,27.629999,29540000
2014-05-14,27.530001,27.660000,26.780001,26.860001,26.860001,28161200
2014-05-15,26.809999,26.889999,25.250000,25.860001,25.860001,41523500
2014-05-16,25.840000,26.350000,25.540001,26.030001,26.030001,19890900
2014-05-19,26.370001,27.000000,26.160000,26.940001,26.940001,21930500
2014-05-20,26.969999,27.160000,26.160000,26.549999,26.549999,21830400
2014-05-21,26.930000,27.209999,26.799999,26.990000,26.990000,19021300
2014-05-22,27.030001,27.389999,26.870001,27.170000,27.170000,14936600
2014-05-23,27.180000,27.400000,27.059999,27.330000,27.330000,12406800
2014-05-27,27.530001,28.110001,27.480000,28.059999,28.059999,23525400
2014-05-28,28.299999,28.920000,28.170000,28.610001,28.610001,25382300
2014-05-29,28.790001,29.030001,28.430000,28.580000,28.580000,23288800
2014-05-30,28.629999,28.900000,28.389999,28.590000,28.590000,24068700
2014-06-02,28.610001,28.719999,28.049999,28.660000,28.660000,14522600
2014-06-03,28.559999,28.930000,28.400000,28.670000,28.670000,14002300
2014-06-04,28.580000,29.010000,28.469999,28.969999,28.969999,14377400
2014-06-05,29.090000,29.480000,28.910000,29.040001,29.040001,21878500
2014-06-06,29.150000,29.549999,29.049999,29.540001,29.540001,18319800
2014-06-09,29.490000,29.719999,28.889999,29.000000,29.000000,20635300
2014-06-10,29.000000,29.540001,28.590000,29.510000,29.510000,24108900
2014-06-11,30.650000,31.600000,30.120001,30.990000,30.990000,55472400
2014-06-12,31.070000,31.219999,30.559999,30.860001,30.860001,28152900
2014-06-13,31.139999,31.469999,31.059999,31.170000,31.170000,23275600
2014-06-16,31.430000,32.189999,31.280001,31.910000,31.910000,35496500
2014-06-17,32.000000,32.400002,31.950001,32.250000,32.250000,25195500
2014-06-18,32.380001,32.430000,31.700001,32.060001,32.060001,30089900
2014-06-19,32.090000,32.169998,31.549999,31.809999,31.809999,22402300
2014-06-20,31.879999,31.930000,31.400000,31.850000,31.850000,28266500
2014-06-23,32.290001,32.299999,31.250000,31.260000,31.260000,48594600
2014-06-24,31.510000,32.970001,31.160000,32.500000,32.500000,59689500
2014-06-25,32.349998,32.740002,31.889999,32.340000,32.340000,29796700
2014-06-26,32.310001,32.400002,31.799999,32.000000,32.000000,20353300
2014-06-27,31.879999,31.930000,31.450001,31.510000,31.510000,46770900
2014-06-30,32.060001,33.049999,31.900000,32.950001,32.950001,31032300
2014-07-01,33.240002,34.500000,33.070000,33.980000,33.980000,36348500
2014-07-02,34.000000,34.270000,33.540001,33.759998,33.759998,26620500
2014-07-03,34.090000,34.279999,33.650002,33.730000,33.730000,13883900
2014-07-07,33.610001,33.650002,32.770000,32.860001,32.860001,21383200
2014-07-08,32.799999,33.270000,32.119999,33.130001,33.130001,34637500
2014-07-09,32.590000,32.939999,31.860001,32.889999,32.889999,39287700
2014-07-10,32.180000,33.099998,31.799999,32.770000,32.770000,32916800
2014-07-11,32.840000,33.169998,32.639999,32.799999,32.799999,18868300
2014-07-14,33.130001,33.730000,32.930000,33.590000,33.590000,20349500
2014-07-15,33.720001,34.160000,33.380001,34.020000,34.020000,27186500
2014-07-16,34.419998,34.849998,34.230000,34.639999,34.639999,30731700
2014-07-17,33.830002,34.000000,32.990002,33.049999,33.049999,36943500
2014-07-18,33.180000,33.750000,33.000000,33.150002,33.150002,28525600
2014-07-21,33.000000,33.349998,32.599998,33.070000,33.070000,15789100
2014-07-22,33.349998,33.689999,33.009998,33.630001,33.630001,14366200
2014-07-23,33.549999,33.779999,33.250000,33.680000,33.680000,20897100
2014-07-24,33.869999,34.279999,33.630001,33.880001,33.880001,22684000
2014-07-25,33.689999,33.820000,33.230000,33.419998,33.419998,19655100
2014-07-28,33.340000,33.459999,31.910000,31.980000,31.980000,34203200
2014-07-29,32.139999,32.509998,31.959999,32.130001,32.130001,19377500
2014-07-30,32.380001,32.740002,32.279999,32.529999,32.529999,16001600
2014-07-31,31.170000,31.250000,29.850000,30.549999,30.549999,64996200
2014-08-01,30.879999,31.370001,30.549999,31.090000,31.090000,26175300
2014-08-04,31.209999,31.860001,31.049999,31.690001,31.690001,21821600
2014-08-05,31.360001,32.099998,30.900000,31.090000,31.090000,31699300
2014-08-06,31.059999,31.180000,30.110001,30.680000,30.680000,34903400
2014-08-07,30.900000,31.190001,29.379999,29.680000,29.680000,35983600
2014-08-08,29.850000,30.250000,29.620001,30.040001,30.040001,22893300
2014-08-11,30.320000,30.840000,30.150000,30.740000,30.740000,20600100
2014-08-12,30.559999,30.940001,30.209999,30.700001,30.700001,21496400
2014-08-13,30.889999,31.580000,30.889999,31.379999,31.379999,17832900
2014-08-14,30.870001,31.240000,30.799999,31.040001,31.040001,16873700
2014-08-15,31.400000,31.730000,31.160000,31.490000,31.490000,20560700
2014-08-18,31.690001,32.090000,31.410000,32.040001,32.040001,17508600
2014-08-19,32.299999,32.700001,32.270000,32.400002,32.400002,15020300
2014-08-20,32.380001,33.389999,32.380001,33.299999,33.299999,21265400
2014-08-21,33.040001,33.320000,32.750000,33.189999,33.189999,16583200
2014-08-22,33.200001,33.450001,32.930000,33.290001,33.290001,11758400
2014-08-25,33.509998,33.700001,33.189999,33.209999,33.209999,12700600
2014-08-26,33.270000,33.430000,32.509998,32.880001,32.880001,16075500
2014-08-27,32.830002,33.049999,32.610001,32.990002,32.990002,12208200
2014-08-28,32.810001,32.900002,32.599998,32.810001,32.810001,10890300
2014-08-29,32.950001,32.990002,32.500000,32.599998,32.599998,13519100
2014-09-02,32.430000,32.599998,31.450001,31.510000,31.510000,26980200
2014-09-03,31.440001,31.690001,30.879999,31.680000,31.680000,23928200
2014-09-04,31.950001,32.830002,31.830000,32.119999,32.119999,24800000
2014-09-05,32.099998,32.950001,32.020000,32.939999,32.939999,17772600
2014-09-08,32.990002,33.410000,32.840000,33.139999,33.139999,17933300
2014-09-09,33.009998,33.020000,31.860001,31.980000,31.980000,20209400
2014-09-10,32.150002,32.200001,31.410000,32.090000,32.090000,24643500
2014-09-11,31.850000,32.189999,31.709999,32.040001,32.040001,11371100
2014-09-12,32.009998,32.150002,31.500000,31.530001,31.530001,12561500
2014-09-15,31.400000,31.520000,29.870001,30.020000,30.020000,37018500
2014-09-16,30.090000,31.580000,29.730000,31.450001,31.450001,28739800
2014-09-17,31.469999,32.270000,31.280001,31.980000,31.980000,19493200
2014-09-18,32.240002,32.480000,31.980000,32.480000,32.480000,12485100
2014-09-19,32.480000,32.549999,31.450001,31.629999,31.629999,25223300
2014-09-22,31.430000,31.440001,30.410000,30.600000,30.600000,21713800
2014-09-23,30.510000,31.490000,30.110001,31.200001,31.200001,22704300
2014-09-24,31.799999,32.349998,31.340000,32.220001,32.220001,25781300
2014-09-25,32.410000,32.560001,31.350000,31.700001,31.700001,36427700
2014-09-26,33.970001,34.099998,33.410000,33.830002,33.830002,53975000
2014-09-29,33.419998,34.849998,33.200001,34.500000,34.500000,33981900
2014-09-30,34.630001,34.730000,33.889999,34.259998,34.259998,25768900
2014-10-01,34.250000,34.250000,33.220001,33.500000,33.500000,36237600
2014-10-02,33.650002,34.080002,32.950001,33.810001,33.810001,27337000
2014-10-03,34.080002,34.400002,33.869999,33.939999,33.939999,22565400
2014-10-06,33.189999,33.290001,31.840000,32.570000,32.570000,43417100
2014-10-07,32.410000,32.869999,31.850000,31.870001,31.870001,28827000
2014-10-08,31.900000,32.400002,30.860001,32.320000,32.320000,28069300
2014-10-09,32.119999,32.180000,30.410000,30.639999,30.639999,35910800
2014-10-10,29.750000,29.870001,27.590000,27.790001,27.790001,85752700
2014-10-13,28.590000,28.860001,27.000000,27.030001,27.030001,44360600
2014-10-14,27.790001,28.410000,27.219999,27.389999,27.389999,41365600
2014-10-15,26.799999,28.900000,26.320000,27.540001,27.540001,50523300
2014-10-16,27.330000,28.860001,27.190001,28.299999,28.299999,42111600
2014-10-17,28.910000,29.730000,28.570000,28.770000,28.770000,34712800
2014-10-20,29.110001,29.730000,28.809999,29.690001,29.690001,22357800
2014-10-21,30.400000,31.340000,30.160000,31.190001,31.190001,40875100
2014-10-22,31.520000,31.549999,30.320000,30.570000,30.570000,25500600
2014-10-23,31.040001,31.370001,30.570000,30.889999,30.889999,22071100
2014-10-24,30.980000,31.120001,30.610001,31.059999,31.059999,17761300
2014-10-27,31.959999,32.380001,31.660000,32.299999,32.299999,26775900
2014-10-28,32.509998,32.669998,32.150002,32.610001,32.610001,20981000
2014-10-29,32.500000,32.650002,31.860001,32.279999,32.279999,21418700
2014-10-30,31.750000,32.080002,30.940001,31.820000,31.820000,26761000
2014-10-31,32.900002,33.349998,32.619999,33.090000,33.090000,28541400
2014-11-03,33.189999,33.910000,32.980000,33.509998,33.509998,19655500
2014-11-04,33.480000,33.590000,32.900002,33.369999,33.369999,16503900
2014-11-05,33.509998,33.759998,33.110001,33.709999,33.709999,23137200
2014-11-06,33.500000,33.790001,33.150002,33.349998,33.349998,23576600
2014-11-07,33.310001,33.380001,32.320000,33.009998,33.009998,19337500
2014-11-10,32.930000,33.110001,32.619999,33.090000,33.090000,13827300
2014-11-11,32.980000,33.380001,32.889999,33.200001,33.200001,11285000
2014-11-12,33.049999,33.169998,32.799999,32.910000,32.910000,14322400
2014-11-13,32.980000,33.209999,32.750000,32.939999,32.939999,10851300
2014-11-14,32.939999,32.939999,32.130001,32.619999,32.619999,17434600
2014-11-17,31.900000,32.410000,31.690001,32.290001,32.290001,18259300
2014-11-18,32.299999,33.150002,32.299999,32.869999,32.869999,15538900
2014-11-19,32.930000,33.220001,32.340000,32.959999,32.959999,14590200
2014-11-20,32.730000,33.480000,32.490002,33.209999,33.209999,13613300
2014-11-21,33.709999,34.389999,33.520000,34.299999,34.299999,25563100
2014-11-24,34.410000,35.250000,34.259998,34.730000,34.730000,24974400
2014-11-25,34.770000,34.980000,34.400002,34.799999,34.799999,13985200
2014-11-26,34.630001,35.669998,34.619999,35.619999,35.619999,18288100
2014-11-28,35.840000,36.220001,35.720001,35.950001,35.950001,11645700
2014-12-01,35.980000,36.139999,34.939999,34.990002,34.990002,21342300
2014-12-02,35.049999,35.770000,34.639999,35.599998,35.599998,14281500
2014-12-03,35.900002,36.349998,35.740002,36.099998,36.099998,29011500
2014-12-04,36.029999,36.500000,35.669998,36.070000,36.070000,16477600
2014-12-05,36.090000,36.500000,36.020000,36.490002,36.490002,14114800
2014-12-08,36.459999,36.590000,35.700001,36.020000,36.020000,15815300
2014-12-09,34.849998,35.709999,34.540001,35.660000,35.660000,16503500
2014-12-10,35.439999,35.650002,34.779999,34.860001,34.860001,17037900
2014-12-11,35.160000,35.820000,34.900002,35.189999,35.189999,13261400
2014-12-12,34.919998,34.930000,33.970001,34.000000,34.000000,19798900
2014-12-15,34.349998,34.450001,33.250000,33.349998,33.349998,27305700
2014-12-16,32.900002,33.919998,32.369999,32.919998,32.919998,28611600
2014-12-17,33.080002,33.900002,32.500000,33.830002,33.830002,19434600
2014-12-18,34.619999,34.790001,34.049999,34.450001,34.450001,18200600
2014-12-19,34.590000,34.799999,34.130001,34.490002,34.490002,18469600
2014-12-22,34.750000,35.000000,34.500000,34.639999,34.639999,12687900
2014-12-23,34.919998,35.189999,34.759998,34.970001,34.970001,10949000
2014-12-24,35.029999,35.099998,34.619999,34.910000,34.910000,4672900
2014-12-26,35.029999,35.230000,34.980000,35.000000,35.000000,6883700
2014-12-29,35.270000,35.689999,35.080002,35.529999,35.529999,12365800
2014-12-30,35.430000,35.740002,35.299999,35.400002,35.400002,11480500
2014-12-31,35.450001,35.529999,35.000000,35.009998,35.009998,10714300
2015-01-02,35.240002,35.520000,34.340000,34.750000,34.750000,15138200
2015-01-05,34.709999,34.740002,33.750000,33.779999,33.779999,23706600
2015-01-06,34.099998,34.230000,32.630001,32.869999,32.869999,40092000
2015-01-07,31.530001,32.980000,31.450001,32.099998,32.099998,52552300
2015-01-08,32.560001,33.869999,32.549999,33.669998,33.669998,31947100
2015-01-09,33.759998,33.869999,32.959999,33.529999,33.529999,19328500
2015-01-12,32.389999,32.990002,31.400000,31.660000,31.660000,41982700
2015-01-13,31.920000,32.200001,30.650000,30.840000,30.840000,40260500
2015-01-14,30.270000,31.200001,29.799999,30.049999,30.049999,35305200
2015-01-15,30.250000,30.420000,29.270000,29.299999,29.299999,28512400
2015-01-16,29.150000,29.260000,28.510000,28.990000,28.990000,58433300
2015-01-20,29.510000,30.020000,29.350000,29.670000,29.670000,29884200
2015-01-21,29.500000,30.740000,29.500000,30.490000,30.490000,27258700
2015-01-22,30.450001,30.950001,30.230000,30.889999,30.889999,22299200
2015-01-23,30.889999,31.129999,30.459999,30.950001,30.950001,21161800
2015-01-26,30.540001,31.020000,30.209999,31.020000,31.020000,19175500
2015-01-27,30.430000,30.450001,29.389999,29.650000,29.650000,27587900
2015-01-28,30.000000,30.190001,29.030001,29.100000,29.100000,21685200
2015-01-29,29.290001,29.830000,28.860001,29.709999,29.709999,30282700
2015-01-30,29.400000,29.799999,29.070000,29.270000,29.270000,23451600
2015-02-02,29.250000,29.389999,28.090000,28.440001,28.440001,34019600
2015-02-03,28.570000,29.090000,28.480000,28.950001,28.950001,24009200
2015-02-04,28.809999,29.240000,28.700001,29.030001,29.030001,20932800
2015-02-05,29.299999,29.520000,29.120001,29.490000,29.490000,19785900
2015-02-06,29.540001,29.900000,28.860001,28.910000,28.910000,18744100
2015-02-09,28.770000,28.770000,28.240000,28.350000,28.350000,22390300
2015-02-10,29.100000,31.139999,29.000000,31.090000,31.090000,43831000
2015-02-11,31.090000,31.580000,30.450001,31.020000,31.020000,29782200
2015-02-12,31.059999,32.049999,30.940001,31.940001,31.940001,23793200
2015-02-13,32.209999,32.400002,31.340000,31.850000,31.850000,18739200
2015-02-17,32.310001,32.840000,32.220001,32.330002,32.330002,19877400
2015-02-18,32.259998,32.500000,32.029999,32.169998,32.169998,12348400
2015-02-19,32.119999,32.200001,31.719999,31.809999,31.809999,13431000
2015-02-20,31.740000,32.049999,31.270000,32.029999,32.029999,16531500
2015-02-23,31.860001,31.910000,31.270000,31.400000,31.400000,13867900
2015-02-24,30.139999,30.950001,28.790001,30.770000,30.770000,54985000
2015-02-25,30.600000,30.920000,30.350000,30.480000,30.480000,16774700
2015-02-26,30.540001,30.969999,30.360001,30.620001,30.620001,14932000
2015-02-27,30.969999,31.209999,30.620001,30.670000,30.670000,15651200
2015-03-02,31.080000,31.500000,30.990000,31.240000,31.240000,18443200
2015-03-03,30.379999,30.690001,29.379999,29.660000,29.660000,28945700
2015-03-04,29.719999,29.760000,28.820000,29.270000,29.270000,26709000
2015-03-05,29.450001,29.840000,28.969999,29.280001,29.280001,24007700
2015-03-06,29.219999,29.270000,28.389999,28.500000,28.500000,28302000
2015-03-09,28.540001,28.780001,27.910000,28.660000,28.660000,17563000
2015-03-10,28.100000,28.320000,27.459999,27.610001,27.610001,29749000
2015-03-11,27.930000,28.180000,27.610001,27.879999,27.879999,17471600
2015-03-12,27.110001,28.379999,27.100000,28.020000,28.020000,19567700
2015-03-13,27.969999,28.770000,27.959999,28.719999,28.719999,23678700
2015-03-16,28.969999,29.260000,28.219999,28.510000,28.510000,18183900
2015-03-17,27.730000,27.980000,27.459999,27.660000,27.660000,24932400
2015-03-18,28.010000,28.350000,27.600000,28.160000,28.160000,24544800
2015-03-19,28.100000,28.230000,27.920000,28.049999,28.049999,21656600
2015-03-20,28.320000,28.760000,28.110001,28.680000,28.680000,23608200
2015-03-23,28.469999,28.510000,27.820000,28.020000,28.020000,18699400
2015-03-24,28.110001,28.350000,27.879999,27.959999,27.959999,15670800
2015-03-25,27.860001,27.870001,26.400000,26.570000,26.570000,35874000
2015-03-26,25.760000,27.170000,25.610001,26.660000,26.660000,44702400
2015-03-27,26.930000,27.139999,26.049999,26.680000,26.680000,30909000
2015-03-30,26.730000,26.959999,26.459999,26.680000,26.680000,26142900
2015-03-31,26.709999,27.309999,26.610001,27.129999,27.129999,25292100
2015-04-01,27.129999,27.350000,26.770000,27.129999,27.129999,39424700
2015-04-02,27.750000,27.760000,26.709999,26.730000,26.730000,41390500
2015-04-06,26.500000,27.450001,26.400000,27.430000,27.430000,22460900
2015-04-07,27.350000,27.450001,26.860001,26.870001,26.870001,17820600
2015-04-08,26.580000,27.350000,26.490000,27.129999,27.129999,22105800
2015-04-09,27.070000,27.860001,27.010000,27.820000,27.820000,18660000
2015-04-10,27.799999,28.170000,27.799999,28.020000,28.020000,19698700
2015-04-13,28.020000,28.150000,27.780001,27.879999,27.879999,13636800
2015-04-14,27.730000,27.900000,27.410000,27.719999,27.719999,16671900
2015-04-15,28.000000,28.450001,27.879999,28.170000,28.170000,20138900
2015-04-16,27.900000,28.180000,27.770000,28.010000,28.010000,16393500
2015-04-17,27.750000,28.080000,27.600000,28.020000,28.020000,18157100
2015-04-20,28.120001,28.389999,28.010000,28.260000,28.260000,19901000
2015-04-21,28.330000,28.590000,28.160000,28.549999,28.549999,22172000
2015-04-22,28.580000,29.750000,28.559999,29.500000,29.500000,29662800
2015-04-23,28.930000,29.780001,28.860001,29.520000,29.520000,22039700
2015-04-24,29.740000,29.740000,28.889999,29.200001,29.200001,18764300
2015-04-27,29.250000,29.660000,29.139999,29.270000,29.270000,14871400
2015-04-28,29.219999,29.450001,28.760000,28.990000,28.990000,12372000
2015-04-29,28.700001,28.990000,28.510000,28.870001,28.870001,10964300
2015-04-30,28.790001,28.850000,27.850000,28.129999,28.129999,18988900
2015-05-01,28.309999,29.250000,28.309999,28.990000,28.990000,16701100
2015-05-04,29.070000,29.150000,28.490000,28.670000,28.670000,13909600
2015-05-05,28.270000,28.360001,27.830000,28.040001,28.040001,19347300
2015-05-06,28.219999,28.299999,27.440001,27.990000,27.990000,19770700
2015-05-07,27.799999,27.900000,26.889999,27.270000,27.270000,29689300
2015-05-08,27.370001,27.430000,26.760000,27.180000,27.180000,34955400
2015-05-11,27.129999,28.090000,26.860001,27.750000,27.750000,24591200
2015-05-12,27.549999,27.580000,26.860001,26.870001,26.870001,19518800
2015-05-13,27.340000,27.660000,27.080000,27.190001,27.190001,17530500
2015-05-14,27.330000,27.520000,26.469999,26.690001,26.690001,32201100
2015-05-15,26.530001,26.629999,26.010000,26.330000,26.330000,25864900
2015-05-18,26.160000,26.830000,26.040001,26.760000,26.760000,20150000
2015-05-19,26.830000,26.930000,26.059999,26.309999,26.309999,19527000
2015-05-20,26.469999,26.990000,26.260000,26.590000,26.590000,22866300
2015-05-21,26.620001,27.139999,26.340000,26.900000,26.900000,17258100
2015-05-22,27.230000,27.650000,27.209999,27.330000,27.330000,20360300
2015-05-26,27.219999,27.480000,27.030001,27.320000,27.320000,14966600
2015-05-27,27.430000,28.420000,27.389999,28.129999,28.129999,23441800
2015-05-28,28.190001,28.620001,28.110001,28.280001,28.280001,18667000
2015-05-29,28.420000,28.420000,27.930000,27.930000,27.930000,18451300
2015-06-01,27.959999,28.530001,27.809999,28.420000,28.420000,20206400
2015-06-02,28.360001,28.410000,27.770000,27.790001,27.790001,18228000
2015-06-03,28.000000,28.010000,27.010000,27.080000,27.080000,29593000
2015-06-04,26.900000,27.240000,26.709999,26.990000,26.990000,22186200
2015-06-05,27.000000,27.000000,26.500000,26.590000,26.590000,16585400
2015-06-08,26.510000,26.629999,25.799999,25.920000,25.920000,23252600
2015-06-09,25.910000,25.950001,24.940001,25.190001,25.190001,39816700
2015-06-10,25.520000,25.590000,25.030001,25.190001,25.190001,23802900
2015-06-11,25.200001,25.389999,24.969999,25.020000,25.020000,25793500
2015-06-12,24.889999,25.379999,24.709999,25.129999,25.129999,21123900
2015-06-15,24.219999,24.250000,23.700001,24.240000,24.240000,44190200
2015-06-16,24.049999,24.320000,23.879999,24.240000,24.240000,19173100
2015-06-17,24.299999,24.680000,24.230000,24.480000,24.480000,17951700
2015-06-18,24.639999,24.820000,24.430000,24.469999,24.469999,21570800
2015-06-19,24.799999,24.969999,24.459999,24.469999,24.469999,25589300
2015-06-22,24.139999,24.709999,24.000000,24.629999,24.629999,26231200
2015-06-23,24.629999,24.860001,24.379999,24.490000,24.490000,16168900
2015-06-24,24.440001,24.490000,24.000000,24.059999,24.059999,21243700
2015-06-25,24.129999,24.240000,23.660000,24.020000,24.020000,38347800
2015-06-26,20.270000,20.600000,19.430000,19.660000,19.660000,149010300
2015-06-29,19.340000,19.600000,18.600000,18.730000,18.730000,49126100
2015-06-30,18.889999,19.100000,18.549999,18.840000,18.840000,34683900
2015-07-01,19.049999,19.100000,18.629999,18.780001,18.780001,25027100
2015-07-02,18.830000,19.379999,18.809999,19.070000,19.070000,26178100
2015-07-06,18.840000,18.980000,18.230000,18.320000,18.320000,37875800
2015-07-07,18.129999,18.360001,17.370001,18.200001,18.200001,46293200
2015-07-08,17.959999,17.980000,17.490000,17.629999,17.629999,30898900
2015-07-09,17.870001,18.010000,17.139999,17.150000,17.150000,46175400
2015-07-10,17.330000,17.650000,17.299999,17.570000,17.570000,24282900
2015-07-13,17.830000,17.850000,17.389999,17.610001,17.610001,35788100
2015-07-14,19.760000,19.840000,19.000000,19.610001,19.610001,103878600
2015-07-15,19.490000,19.650000,18.770000,18.889999,18.889999,41983200
2015-07-16,19.250000,19.740000,19.090000,19.610001,19.610001,34717200
2015-07-17,19.530001,20.240000,19.370001,20.120001,20.120001,34081300
2015-07-20,20.080000,20.080000,18.770000,18.889999,18.889999,41989300
2015-07-21,18.840000,19.110001,18.510000,18.879999,18.879999,29340300
2015-07-22,18.530001,18.629999,17.850000,18.000000,18.000000,43635100
2015-07-23,18.330000,18.930000,18.299999,18.700001,18.700001,32805200
2015-07-24,18.600000,18.700001,18.070000,18.340000,18.340000,21567400
2015-07-27,18.100000,18.670000,17.570000,18.120001,18.120001,27584100
2015-07-28,18.350000,20.080000,18.200001,19.750000,19.750000,51809500
2015-07-29,19.980000,20.570000,19.670000,19.870001,19.870001,41557900
2015-07-30,19.750000,20.100000,19.459999,19.900000,19.900000,31248700
2015-07-31,20.020000,20.030001,18.469999,18.510000,18.510000,55074900
2015-08-03,18.610001,19.389999,18.590000,19.000000,19.000000,32958300
2015-08-04,19.170000,19.190001,18.600000,19.010000,19.010000,19934500
2015-08-05,19.180000,19.469999,18.879999,18.910000,18.910000,23370800
2015-08-06,18.930000,18.959999,18.450001,18.719999,18.719999,29928600
2015-08-07,18.450001,18.530001,18.000000,18.440001,18.440001,23718300
2015-08-10,18.580000,18.959999,18.320000,18.820000,18.820000,25232400
2015-08-11,18.629999,18.629999,17.680000,17.879999,17.879999,22959200
2015-08-12,17.650000,18.330000,17.520000,18.190001,18.190001,20428400
2015-08-13,18.230000,18.379999,17.670000,17.700001,17.700001,15468600
2015-08-14,17.760000,17.990000,16.820000,16.950001,16.950001,37248200
2015-08-17,16.469999,17.260000,16.120001,17.219999,17.219999,33001000
2015-08-18,17.000000,17.000000,16.270000,16.379999,16.379999,32424300
2015-08-19,16.240000,16.350000,15.880000,15.900000,15.900000,36808900
2015-08-20,15.350000,15.370000,14.660000,14.740000,14.740000,54864200
2015-08-21,14.390000,15.250000,14.240000,14.530000,14.530000,43715800
2015-08-24,13.810000,14.440000,13.500000,14.440000,14.440000,54532000
2015-08-25,15.180000,15.340000,14.260000,14.270000,14.270000,38655100
2015-08-26,14.610000,14.750000,14.110000,14.420000,14.420000,43819700
2015-08-27,14.630000,15.930000,14.630000,15.670000,15.670000,42971800
2015-08-28,16.250000,16.540001,15.610000,15.960000,15.960000,34099400
2015-08-31,15.910000,16.680000,15.460000,16.410000,16.410000,32916900
2015-09-01,15.800000,16.209999,15.680000,15.820000,15.820000,27914200
2015-09-02,16.090000,16.309999,15.740000,16.290001,16.290001,23478500
2015-09-03,16.389999,17.209999,16.260000,16.590000,16.590000,26377200
2015-09-04,16.299999,17.299999,16.260000,16.820000,16.820000,32420800
2015-09-08,17.549999,17.750000,17.049999,17.530001,17.530001,26817000
2015-09-09,17.900000,17.969999,16.840000,16.959999,16.959999,32951100
2015-09-10,16.809999,17.420000,16.709999,17.200001,17.200001,20814300
2015-09-11,17.020000,17.170000,16.709999,16.799999,16.799999,22107600
2015-09-14,16.900000,16.920000,16.360001,16.700001,16.700001,15178700
2015-09-15,16.860001,16.860001,16.459999,16.520000,16.520000,21319400
2015-09-16,16.459999,16.700001,16.309999,16.680000,16.680000,22363200
2015-09-17,16.680000,16.809999,16.309999,16.410000,16.410000,22827600
2015-09-18,16.080000,16.190001,15.360000,15.500000,15.500000,36698200
2015-09-21,15.620000,15.980000,15.460000,15.750000,15.750000,19024500
2015-09-22,15.350000,15.820000,15.170000,15.410000,15.410000,22763900
2015-09-23,15.430000,15.430000,14.800000,14.810000,14.810000,22567900
2015-09-24,14.800000,15.520000,14.600000,15.340000,15.340000,32800800
2015-09-25,15.340000,15.590000,14.650000,14.910000,14.910000,28917300
2015-09-28,14.670000,14.730000,13.920000,14.060000,14.060000,30448600
2015-09-29,14.260000,14.690000,14.150000,14.380000,14.380000,25529200
2015-09-30,14.730000,15.330000,14.700000,14.980000,14.980000,28066300
2015-10-01,14.990000,15.040000,14.500000,14.770000,14.770000,37460500
2015-10-02,15.220000,15.950000,15.150000,15.910000,15.910000,49688200
2015-10-05,16.320000,17.840000,16.200001,17.570000,17.570000,63718700
2015-10-06,17.629999,18.299999,17.340000,18.219999,18.219999,51249900
2015-10-07,18.389999,18.920000,18.219999,18.620001,18.620001,41913500
2015-10-08,18.590000,19.100000,18.450001,18.719999,18.719999,33619600
2015-10-09,18.629999,18.850000,17.900000,18.160000,18.160000,23392500
2015-10-12,18.540001,18.629999,17.719999,18.030001,18.030001,22494700
2015-10-13,17.809999,18.559999,17.740000,18.180000,18.180000,21778500
2015-10-14,18.770000,19.299999,18.520000,18.820000,18.820000,34627900
2015-10-15,18.870001,19.150000,18.500000,18.660000,18.660000,20397700
2015-10-16,18.740000,18.830000,18.230000,18.500000,18.500000,15587100
2015-10-19,18.370001,19.219999,18.320000,19.160000,19.160000,27543300
2015-10-20,18.900000,19.049999,16.610001,17.090000,17.090000,67447600
2015-10-21,16.490000,16.930000,15.930000,16.430000,16.430000,48737400
2015-10-22,16.400000,17.010000,16.070000,16.719999,16.719999,33986100
2015-10-23,16.900000,17.320000,16.809999,17.240000,17.240000,22439400
2015-10-26,17.160000,17.250000,16.500000,16.580000,16.580000,14901400
2015-10-27,16.520000,16.799999,16.520000,16.680000,16.680000,14697600
2015-10-28,16.799999,17.110001,16.580000,16.920000,16.920000,15151700
2015-10-29,16.690001,16.740000,16.190001,16.209999,16.209999,17073800
2015-10-30,16.379999,16.620001,16.200001,16.559999,16.559999,19248400
2015-11-02,16.959999,17.290001,16.799999,17.090000,17.090000,18767100
2015-11-03,17.100000,17.990000,17.090000,17.840000,17.840000,22131500
2015-11-04,18.049999,18.049999,17.100000,17.440001,17.440001,19246900
2015-11-05,17.520000,17.719999,16.360001,16.510000,16.510000,26767000
2015-11-06,16.440001,16.770000,16.100000,16.450001,16.450001,18047800
2015-11-09,16.360001,16.450001,15.800000,15.840000,15.840000,23643000
2015-11-10,15.740000,15.850000,15.420000,15.550000,15.550000,24591700
2015-11-11,15.640000,15.790000,15.470000,15.500000,15.500000,16199800
2015-11-12,15.280000,15.750000,15.280000,15.350000,15.350000,14296800
2015-11-13,15.300000,15.380000,14.860000,15.000000,15.000000,21071200
2015-11-16,14.950000,15.200000,14.650000,14.890000,14.890000,23731800
2015-11-17,15.030000,15.730000,14.940000,15.280000,15.280000,25249600
2015-11-18,15.390000,15.690000,15.300000,15.610000,15.610000,20071300
2015-11-19,15.710000,16.280001,15.710000,15.870000,15.870000,18278900
2015-11-20,16.000000,16.100000,15.340000,15.430000,15.430000,24068900
2015-11-23,15.540000,15.670000,15.070000,15.320000,15.320000,14049000
2015-11-24,15.220000,15.660000,15.150000,15.630000,15.630000,12222500
2015-11-25,15.400000,15.780000,15.350000,15.580000,15.580000,10003300
2015-11-27,15.550000,15.640000,15.470000,15.560000,15.560000,5019000
2015-11-30,15.590000,16.010000,15.500000,15.930000,15.930000,13495300
2015-12-01,16.180000,16.629999,16.120001,16.549999,16.549999,20138300
2015-12-02,16.490000,16.590000,15.720000,15.820000,15.820000,16121100
2015-12-03,15.950000,16.200001,15.500000,15.610000,15.610000,15210100
2015-12-04,15.540000,15.930000,15.400000,15.500000,15.500000,19068500
2015-12-07,15.350000,15.470000,14.710000,14.850000,14.850000,23579100
2015-12-08,14.610000,14.700000,14.420000,14.600000,14.600000,18188000
2015-12-09,14.600000,14.670000,14.240000,14.320000,14.320000,20917100
2015-12-10,14.290000,14.800000,14.260000,14.660000,14.660000,14788700
2015-12-11,14.320000,14.440000,13.990000,14.040000,14.040000,23718100
2015-12-14,14.430000,14.480000,13.510000,13.660000,13.660000,35155800
2015-12-15,13.770000,14.370000,13.740000,14.180000,14.180000,26455800
2015-12-16,14.360000,14.450000,13.780000,14.070000,14.070000,21968200
2015-12-17,14.650000,14.770000,14.250000,14.320000,14.320000,29024400
2015-12-18,14.380000,14.730000,14.260000,14.360000,14.360000,38534200
2015-12-21,14.440000,14.790000,14.330000,14.770000,14.770000,22217300
2015-12-22,14.800000,14.950000,14.520000,14.610000,14.610000,27101100
2015-12-23,13.720000,14.300000,13.550000,14.300000,14.300000,59121400
2015-12-24,14.200000,14.590000,14.190000,14.480000,14.480000,14284200
2015-12-28,14.450000,14.510000,14.050000,14.190000,14.190000,17658500
2015-12-29,14.350000,14.510000,14.230000,14.340000,14.340000,16104200
2015-12-30,14.270000,14.440000,14.100000,14.160000,14.160000,10943700
2015-12-31,14.100000,14.290000,14.030000,14.160000,14.160000,13211200
2016-01-04,13.830000,14.360000,13.810000,14.330000,14.330000,22622300
2016-01-05,14.420000,15.080000,14.360000,14.820000,14.820000,29806700
2016-01-06,14.500000,14.690000,14.110000,14.220000,14.220000,26835100
2016-01-07,13.860000,14.270000,13.630000,13.660000,13.660000,26029200
2016-01-08,13.780000,13.950000,13.290000,13.330000,13.330000,29064200
2016-01-11,13.370000,13.460000,12.210000,12.530000,12.530000,43159100
2016-01-12,12.720000,13.240000,12.400000,12.720000,12.720000,25671300
2016-01-13,12.780000,12.970000,11.910000,12.060000,12.060000,35319800
2016-01-14,12.080000,12.260000,11.530000,12.020000,12.020000,35810400
2016-01-15,11.350000,11.660000,10.910000,11.080000,11.080000,37037200
2016-01-19,11.280000,11.370000,10.710000,10.800000,10.800000,38131300
2016-01-20,10.380000,10.390000,9.310000,10.050000,10.050000,65210400
2016-01-21,10.450000,10.900000,10.130000,10.850000,10.850000,52299100
2016-01-22,11.180000,11.570000,10.880000,11.070000,11.070000,35091300
2016-01-25,11.060000,11.170000,10.470000,10.480000,10.480000,23874800
2016-01-26,10.550000,10.720000,10.360000,10.550000,10.550000,26179500
2016-01-27,10.500000,10.830000,10.320000,10.390000,10.390000,23013500
2016-01-28,10.480000,10.550000,9.710000,9.890000,9.890000,37390400
2016-01-29,9.990000,11.050000,9.940000,11.030000,11.030000,38448100
2016-02-01,11.000000,11.100000,10.510000,10.960000,10.960000,25824800
2016-02-02,10.800000,11.070000,10.480000,10.590000,10.590000,22090300
2016-02-03,10.670000,10.860000,10.180000,10.760000,10.760000,18098100
2016-02-04,10.710000,11.550000,10.700000,11.230000,11.230000,26164100
2016-02-05,11.150000,11.380000,10.760000,11.000000,11.000000,22658100
2016-02-08,10.710000,10.760000,9.940000,10.170000,10.170000,27424400
2016-02-09,10.010000,10.340000,9.750000,9.980000,9.980000,30178600
2016-02-10,10.080000,10.280000,9.820000,9.900000,9.900000,22090500
2016-02-11,9.720000,9.950000,9.450000,9.690000,9.690000,27105700
2016-02-12,9.880000,10.240000,9.480000,10.020000,10.020000,23857000
2016-02-16,10.360000,10.870000,10.310000,10.810000,10.810000,27494100
2016-02-17,10.970000,11.650000,10.920000,11.430000,11.430000,34404700
2016-02-18,11.570000,11.750000,11.320000,11.490000,11.490000,21616100
2016-02-19,11.390000,11.390000,10.950000,11.160000,11.160000,17907100
2016-02-22,11.370000,11.440000,10.900000,11.050000,11.050000,20001700
2016-02-23,11.000000,11.080000,10.390000,10.490000,10.490000,22686800
2016-02-24,10.250000,10.670000,10.060000,10.640000,10.640000,18551800
2016-02-25,10.670000,10.740000,10.210000,10.720000,10.720000,16153900
2016-02-26,10.790000,11.000000,10.570000,10.700000,10.700000,16418800
2016-02-29,10.650000,10.890000,10.520000,10.630000,10.630000,20720000
2016-03-01,10.770000,11.100000,10.590000,11.070000,11.070000,15638700
2016-03-02,11.010000,11.690000,10.970000,11.680000,11.680000,18197500
2016-03-03,11.730000,11.850000,11.600000,11.790000,11.790000,16323300
2016-03-04,11.800000,12.290000,11.600000,11.880000,11.880000,35279500
2016-03-07,11.460000,11.780000,11.050000,11.580000,11.580000,27748800
2016-03-08,11.440000,11.450000,10.650000,10.660000,10.660000,29648400
2016-03-09,10.760000,10.910000,10.530000,10.810000,10.810000,15133800
2016-03-10,10.950000,11.060000,10.660000,10.880000,10.880000,17739000
2016-03-11,10.990000,11.400000,10.850000,11.390000,11.390000,17261200
2016-03-14,11.340000,11.340000,11.010000,11.150000,11.150000,13531300
2016-03-15,11.150000,11.150000,10.720000,10.850000,10.850000,15156500
2016-03-16,10.710000,10.890000,10.550000,10.720000,10.720000,20471800
2016-03-17,10.720000,11.000000,10.600000,10.870000,10.870000,19976800
2016-03-18,10.840000,11.170000,10.750000,11.140000,11.140000,44827100
2016-03-21,11.140000,11.600000,11.080000,11.530000,11.530000,18083000
2016-03-22,11.450000,11.600000,11.330000,11.440000,11.440000,13463400
2016-03-23,11.430000,11.460000,10.630000,10.650000,10.650000,29424300
2016-03-24,10.500000,10.600000,10.330000,10.500000,10.500000,22822800
2016-03-28,10.500000,10.590000,10.250000,10.380000,10.380000,22898800
2016-03-29,10.180000,10.530000,10.100000,10.450000,10.450000,30891600
2016-03-30,10.510000,10.950000,10.400000,10.480000,10.480000,35166700
2016-03-31,10.310000,10.490000,10.010000,10.470000,10.470000,48134200
2016-04-01,10.280000,11.070000,10.240000,11.030000,11.030000,28458300
2016-04-04,11.060000,11.220000,10.780000,10.800000,10.800000,22475200
2016-04-05,10.630000,10.720000,10.380000,10.400000,10.400000,20760300
2016-04-06,10.420000,10.480000,10.250000,10.470000,10.470000,18413000
2016-04-07,10.420000,10.650000,10.390000,10.510000,10.510000,19470200
2016-04-08,10.640000,10.890000,10.570000,10.720000,10.720000,18950000
2016-04-11,10.750000,10.920000,10.440000,10.450000,10.450000,18258000
2016-04-12,10.510000,10.540000,10.050000,10.170000,10.170000,25679600
2016-04-13,10.300000,10.900000,10.200000,10.880000,10.880000,26108900
2016-04-14,10.790000,10.790000,10.390000,10.400000,10.400000,17778100
2016-04-15,10.730000,10.780000,10.460000,10.690000,10.690000,25325200
2016-04-18,10.630000,11.100000,10.560000,10.890000,10.890000,26355200
2016-04-19,11.080000,11.080000,10.600000,10.720000,10.720000,21005700
2016-04-20,10.630000,10.770000,10.500000,10.750000,10.750000,19268600
2016-04-21,10.800000,10.890000,10.600000,10.650000,10.650000,15629500
2016-04-22,10.660000,10.810000,10.500000,10.660000,10.660000,18715200
2016-04-25,10.670000,10.880000,10.480000,10.550000,10.550000,22500000
2016-04-26,10.820000,11.650000,10.710000,11.510000,11.510000,47098100
2016-04-27,11.340000,11.610000,11.200000,11.560000,11.560000,24353400
2016-04-28,11.530000,12.410000,11.520000,11.620000,11.620000,41186400
2016-04-29,11.630000,11.690000,10.650000,10.750000,10.750000,40162100
2016-05-02,10.800000,10.860000,10.430000,10.620000,10.620000,23794800
2016-05-03,10.490000,10.620000,10.250000,10.360000,10.360000,27847600
2016-05-04,10.250000,10.490000,9.800000,10.000000,10.000000,40867200
2016-05-05,10.060000,10.400000,10.010000,10.060000,10.060000,26456300
2016-05-06,9.980000,10.210000,9.850000,9.990000,9.990000,20924500
2016-05-09,10.000000,10.070000,9.760000,9.870000,9.870000,20476700
2016-05-10,9.940000,10.110000,9.840000,10.090000,10.090000,19608200
2016-05-11,10.020000,10.330000,10.010000,10.100000,10.100000,17808400
2016-05-12,10.150000,10.260000,9.350000,9.630000,9.630000,41066600
2016-05-13,9.660000,9.790000,9.410000,9.560000,9.560000,21517300
2016-05-16,9.610000,9.690000,9.510000,9.680000,9.680000,16247600
2016-05-17,9.650000,9.920000,9.490000,9.670000,9.670000,22112100
2016-05-18,9.680000,10.280000,9.680000,10.050000,10.050000,26916900
2016-05-19,10.000000,10.260000,9.910000,10.070000,10.070000,18852900
2016-05-20,10.310000,10.810000,10.280000,10.800000,10.800000,31189700
2016-05-23,10.840000,11.170000,10.820000,11.140000,11.140000,28369200
2016-05-24,11.310000,11.500000,11.160000,11.490000,11.490000,25437300
2016-05-25,11.590000,11.780000,11.420000,11.600000,11.600000,29175600
2016-05-26,11.710000,12.030000,11.690000,11.950000,11.950000,23644100
2016-05-27,11.970000,12.430000,11.830000,12.310000,12.310000,29829800
2016-05-31,12.660000,12.910000,12.260000,12.720000,12.720000,49604300
2016-06-01,12.610000,13.090000,12.310000,13.090000,13.090000,35762100
2016-06-02,12.950000,13.210000,12.750000,13.110000,13.110000,31941900
2016-06-03,13.020000,13.040000,12.630000,12.860000,12.860000,28210100
2016-06-06,12.890000,13.040000,12.760000,12.770000,12.770000,24861200
2016-06-07,12.830000,13.150000,12.810000,13.000000,13.000000,21409500
2016-06-08,13.080000,13.090000,12.510000,12.580000,12.580000,25869800
2016-06-09,12.470000,12.700000,12.240000,12.510000,12.510000,21881700
2016-06-10,12.320000,12.370000,12.050000,12.140000,12.140000,21439300
2016-06-13,12.000000,12.360000,11.940000,12.050000,12.050000,15538900
2016-06-14,12.070000,12.320000,11.740000,11.920000,11.920000,21913200
2016-06-15,12.160000,12.250000,11.950000,12.020000,12.020000,17491700
2016-06-16,11.870000,11.990000,11.580000,11.950000,11.950000,22453100
2016-06-17,11.970000,12.350000,11.950000,12.200000,12.200000,20604200
2016-06-20,12.510000,12.660000,12.290000,12.320000,12.320000,21481700
2016-06-21,12.540000,12.830000,12.420000,12.750000,12.750000,25060500
2016-06-22,12.780000,13.040000,12.670000,12.720000,12.720000,26968200
2016-06-23,13.410000,14.160000,13.410000,14.050000,14.050000,71203000
2016-06-24,13.500000,13.850000,13.130000,13.210000,13.210000,77486100
2016-06-27,13.130000,13.240000,12.100000,12.230000,12.230000,45700500
2016-06-28,12.640000,13.050000,12.620000,12.990000,12.990000,34838100
2016-06-29,13.300000,13.420000,12.940000,13.190000,13.190000,36879800
2016-06-30,13.340000,13.780000,13.220000,13.760000,13.760000,48486100
2016-07-01,12.580000,12.900000,12.310000,12.500000,12.500000,68847100
2016-07-05,12.380000,12.450000,11.800000,11.910000,11.910000,37298900
2016-07-06,11.760000,11.850000,11.500000,11.730000,11.730000,35747800
2016-07-07,11.900000,12.550000,11.890000,12.200000,12.200000,33457100
2016-07-08,12.390000,12.720000,12.380000,12.620000,12.620000,27955700
2016-07-11,12.790000,12.980000,12.610000,12.640000,12.640000,22797100
2016-07-12,13.000000,13.460000,12.980000,13.230000,13.230000,35226800
2016-07-13,13.240000,13.390000,13.070000,13.290000,13.290000,23067400
2016-07-14,13.500000,13.550000,13.270000,13.290000,13.290000,18698900
2016-07-15,13.310000,13.500000,13.040000,13.130000,13.130000,18046200
2016-07-18,13.250000,13.360000,13.090000,13.340000,13.340000,17180500
2016-07-19,13.220000,13.260000,13.050000,13.220000,13.220000,30569900
2016-07-20,13.330000,13.620000,13.240000,13.590000,13.590000,35666000
2016-07-21,13.480000,13.500000,13.080000,13.180000,13.180000,16734700
2016-07-22,13.210000,13.230000,13.020000,13.130000,13.130000,18755900
2016-07-25,14.000000,14.330000,13.880000,13.920000,13.920000,51357000
2016-07-26,14.000000,14.690000,13.930000,14.670000,14.670000,38959800
2016-07-27,14.850000,14.890000,14.060000,14.190000,14.190000,35035800
2016-07-28,14.130000,14.190000,13.700000,13.810000,13.810000,25504200
2016-07-29,13.910000,13.940000,13.620000,13.740000,13.740000,21792900
2016-08-01,13.810000,13.920000,13.550000,13.560000,13.560000,16363900
2016-08-02,13.550000,13.580000,13.020000,13.400000,13.400000,23707600
2016-08-03,13.270000,13.580000,13.270000,13.510000,13.510000,17316600
2016-08-04,13.610000,14.200000,13.600000,14.030000,14.030000,23400100
2016-08-05,14.220000,14.780000,14.200000,14.520000,14.520000,29098400
2016-08-08,14.530000,14.720000,14.380000,14.420000,14.420000,16163500
2016-08-09,14.560000,14.700000,14.400000,14.480000,14.480000,12573700
2016-08-10,14.480000,14.500000,14.030000,14.200000,14.200000,15003200
2016-08-11,14.250000,14.490000,14.210000,14.430000,14.430000,14451300
2016-08-12,14.460000,14.990000,14.430000,14.930000,14.930000,24909900
2016-08-15,15.090000,15.700000,15.080000,15.530000,15.530000,29105200
2016-08-16,15.580000,15.590000,15.230000,15.490000,15.490000,21872700
2016-08-17,15.530000,15.760000,15.460000,15.520000,15.520000,22552100
2016-08-18,15.550000,15.800000,15.510000,15.770000,15.770000,16590700
2016-08-19,16.160000,16.450001,16.030001,16.250000,16.250000,35059400
2016-08-22,16.150000,16.430000,15.910000,16.190001,16.190001,22145800
2016-08-23,16.270000,16.540001,16.139999,16.180000,16.180000,23741400
2016-08-24,16.200001,16.240000,15.380000,15.510000,15.510000,26686900
2016-08-25,15.900000,16.549999,15.880000,16.200001,16.200001,34837800
2016-08-26,16.340000,16.809999,16.290001,16.510000,16.510000,24243700
2016-08-29,16.920000,17.250000,16.610001,16.910000,16.910000,34467800
2016-08-30,17.000000,17.010000,16.510000,16.740000,16.740000,23620900
2016-08-31,16.700001,16.740000,16.139999,16.490000,16.490000,21963700
2016-09-01,16.610001,16.799999,16.299999,16.639999,16.639999,15719500
2016-09-02,16.959999,16.969999,16.570000,16.700001,16.700001,16099500
2016-09-06,16.799999,17.080000,16.750000,17.010000,17.010000,22998600
2016-09-07,17.209999,17.350000,17.020000,17.160000,17.160000,23023500
2016-09-08,17.180000,17.860001,16.879999,17.450001,17.450001,39212100
2016-09-09,17.330000,17.740000,16.690001,16.809999,16.809999,31389600
2016-09-12,16.610001,17.200001,16.370001,17.150000,17.150000,28239200
2016-09-13,16.920000,17.150000,16.459999,16.750000,16.750000,24345800
2016-09-14,16.879999,17.080000,16.650000,16.930000,16.930000,18591300
2016-09-15,16.900000,17.459999,16.850000,17.450001,17.450001,24303700
2016-09-16,18.080000,18.080000,17.340000,17.480000,17.480000,37447400
2016-09-19,17.629999,17.770000,16.850000,16.950001,16.950001,23999900
2016-09-20,17.049999,17.270000,16.719999,16.920000,16.920000,17775800
2016-09-21,17.250000,17.700001,17.230000,17.660000,17.660000,31384900
2016-09-22,17.889999,18.049999,17.410000,17.590000,17.590000,25278000
2016-09-23,17.450001,17.740000,17.430000,17.480000,17.480000,17947600
2016-09-26,17.350000,17.600000,17.180000,17.360001,17.360001,19567200
2016-09-27,17.530001,18.080000,17.350000,18.000000,18.000000,28621000
2016-09-28,18.160000,18.160000,17.150000,17.440001,17.440001,42715600
2016-09-29,17.450001,17.770000,17.350000,17.540001,17.540001,31870200
2016-09-30,17.750000,18.000000,17.580000,17.780001,17.780001,21363100
2016-10-03,17.990000,18.020000,17.600000,17.730000,17.730000,26856100
2016-10-04,17.980000,18.040001,17.660000,17.799999,17.799999,54502800
2016-10-05,17.549999,18.330000,17.280001,17.700001,17.700001,67739500
2016-10-06,17.639999,17.889999,17.540001,17.730000,17.730000,21606800
2016-10-07,17.719999,17.799999,17.299999,17.610001,17.610001,23849000
2016-10-10,17.719999,17.840000,17.490000,17.500000,17.500000,18857600
2016-10-11,17.400000,17.469999,16.530001,16.860001,16.860001,38070200
2016-10-12,16.879999,17.040001,16.670000,16.780001,16.780001,17901800
2016-10-13,16.559999,17.000000,16.170000,16.850000,16.850000,28593700
2016-10-14,17.030001,17.410000,16.990000,17.129999,17.129999,23539800
2016-10-17,17.020000,17.170000,16.930000,16.990000,16.990000,12657800
2016-10-18,17.209999,17.660000,17.200001,17.410000,17.410000,20185700
2016-10-19,17.000000,17.250000,16.850000,17.219999,17.219999,18629500
2016-10-20,17.049999,17.500000,17.049999,17.200001,17.200001,17129700
2016-10-21,17.000000,17.070000,16.799999,16.940001,16.940001,18710300
2016-10-24,17.070000,17.160000,16.969999,17.059999,17.059999,13838700
2016-10-25,17.100000,17.610001,17.100000,17.540001,17.540001,27444000
2016-10-26,17.299999,17.930000,17.200001,17.639999,17.639999,23610500
2016-10-27,17.820000,17.900000,17.400000,17.530001,17.530001,21198300
2016-10-28,17.600000,17.670000,17.100000,17.200001,17.200001,20832400
2016-10-31,17.540001,17.760000,17.160000,17.160000,17.160000,23267600
2016-11-01,17.200001,17.410000,16.580000,16.980000,16.980000,27146100
2016-11-02,16.950001,17.020000,16.500000,16.680000,16.680000,24949700
2016-11-03,16.660000,16.809999,16.559999,16.620001,16.620001,17255100
2016-11-04,16.459999,17.020000,16.450001,16.680000,16.680000,18026600
2016-11-07,17.020000,17.430000,17.020000,17.379999,17.379999,21673200
2016-11-08,17.299999,17.549999,17.059999,17.410000,17.410000,18025200
2016-11-09,16.950001,17.350000,16.750000,17.200001,17.200001,33873300
2016-11-10,17.350000,17.760000,16.750000,16.990000,16.990000,30282200
2016-11-11,17.080000,17.680000,16.900000,17.670000,17.670000,31007400
2016-11-14,17.770000,17.980000,17.530001,17.709999,17.709999,26313300
2016-11-15,17.660000,18.170000,17.660000,18.100000,18.100000,25153900
2016-11-16,17.940001,18.330000,17.930000,18.240000,18.240000,21629000
2016-11-17,18.350000,19.340000,18.250000,19.180000,19.180000,45958100
2016-11-18,18.900000,19.330000,18.850000,19.209999,19.209999,29121600
2016-11-21,19.389999,19.670000,19.350000,19.490000,19.490000,22744000
2016-11-22,19.639999,19.799999,19.450001,19.740000,19.740000,22219100
2016-11-23,19.629999,19.930000,19.469999,19.910000,19.910000,20041300
2016-11-25,19.950001,20.440001,19.790001,20.129999,20.129999,16308000
2016-11-28,20.180000,20.280001,19.950001,19.990000,19.990000,22205900
2016-11-29,19.920000,20.200001,19.379999,19.420000,19.420000,37924400
2016-11-30,19.580000,19.760000,19.360001,19.530001,19.530001,26031700
2016-12-01,19.700001,19.830000,18.180000,18.480000,18.480000,40713100
2016-12-02,18.459999,19.200001,18.299999,18.790001,18.790001,25887600
2016-12-05,19.000000,19.000000,18.400000,18.610001,18.610001,26635500
2016-12-06,18.620001,19.090000,18.580000,19.059999,19.059999,22267800
2016-12-07,19.500000,20.540001,19.299999,20.440001,20.440001,44735700
2016-12-08,20.750000,20.990000,20.290001,20.660000,20.660000,36257400
2016-12-09,20.730000,20.850000,20.129999,20.500000,20.500000,23978000
2016-12-12,20.299999,20.510000,19.490000,20.020000,20.020000,28676100
2016-12-13,20.139999,20.469999,19.799999,20.129999,20.129999,26252400
2016-12-14,19.930000,20.330000,19.780001,20.020000,20.020000,19489100
2016-12-15,20.100000,20.500000,19.980000,20.290001,20.290001,19453100
2016-12-16,20.530001,21.000000,20.190001,20.270000,20.270000,36643400
2016-12-19,20.430000,20.700001,20.190001,20.350000,20.350000,23555900
2016-12-20,20.730000,20.799999,20.469999,20.650000,20.650000,23018500
2016-12-21,20.750000,20.830000,20.340000,20.580000,20.580000,32034500
2016-12-22,22.910000,23.490000,22.770000,23.190001,23.190001,85870000
2016-12-23,23.070000,23.490000,23.059999,23.260000,23.260000,27717300
2016-12-27,23.350000,23.639999,23.209999,23.299999,23.299999,24214100
2016-12-28,23.400000,23.410000,22.760000,22.780001,22.780001,24026900
2016-12-29,22.580000,22.799999,22.150000,22.270000,22.270000,19890500
2016-12-30,22.350000,22.400000,21.750000,21.920000,21.920000,20268900
2017-01-03,22.070000,22.740000,22.049999,22.549999,22.549999,24962900
2017-01-04,22.670000,22.840000,22.250000,22.360001,22.360001,20426800
2017-01-05,22.400000,22.570000,21.959999,22.110001,22.110001,19759400
2017-01-06,22.270000,22.280001,21.980000,22.040001,22.040001,17782200
2017-01-09,21.940001,22.549999,21.940001,22.340000,22.340000,21537200
2017-01-10,22.360001,22.690001,22.299999,22.480000,22.480000,20644300
2017-01-11,22.610001,22.879999,22.559999,22.790001,22.790001,20907700
2017-01-12,22.459999,22.480000,21.700001,22.309999,22.309999,27592300
2017-01-13,22.270000,22.309999,21.990000,22.180000,22.180000,14025700
2017-01-17,21.879999,22.070000,21.580000,21.740000,21.740000,20053800
2017-01-18,21.680000,22.340000,21.530001,22.320000,22.320000,19493400
2017-01-19,21.500000,22.299999,21.490000,21.709999,21.709999,31259000
2017-01-20,21.900000,22.330000,21.889999,21.959999,21.959999,19978700
2017-01-23,21.959999,22.309999,21.740000,21.889999,21.889999,16070300
2017-01-24,22.270000,23.090000,22.260000,22.850000,22.850000,29461400
2017-01-25,23.400000,23.980000,23.190001,23.559999,23.559999,31611800
2017-01-26,23.799999,23.990000,23.290001,23.520000,23.520000,19379100
2017-01-27,23.530001,24.100000,23.450001,23.969999,23.969999,18626100
2017-01-30,23.820000,24.240000,23.430000,24.180000,24.180000,30508100
2017-01-31,23.950001,24.150000,23.680000,24.110001,24.110001,22712500
2017-02-01,24.430000,24.850000,24.309999,24.750000,24.750000,28728200
2017-02-02,24.530001,25.309999,24.459999,24.790001,24.790001,45499700
2017-02-03,24.900000,25.240000,24.500000,24.600000,24.600000,25054400
2017-02-06,24.530001,24.730000,24.209999,24.340000,24.340000,18900000
2017-02-07,24.590000,24.690001,24.209999,24.600000,24.600000,19879300
2017-02-08,24.250000,24.379999,23.910000,24.209999,24.209999,21559200
2017-02-09,24.750000,24.889999,24.420000,24.450001,24.450001,27887400
2017-02-10,24.709999,24.760000,23.900000,24.049999,24.049999,28578400
2017-02-13,24.070000,24.200001,23.820000,23.900000,23.900000,16876400
2017-02-14,23.360001,23.370001,22.680000,23.120001,23.120001,60685200
2017-02-15,23.070000,23.260000,22.790001,23.020000,23.020000,28215800
2017-02-16,23.040001,23.340000,22.850000,22.980000,22.980000,23819800
2017-02-17,23.010000,23.379999,23.010000,23.350000,23.350000,22108700
2017-02-21,23.620001,23.980000,23.580000,23.770000,23.770000,20256300
2017-02-22,23.860001,24.059999,23.650000,23.750000,23.750000,16013300
2017-02-23,23.920000,23.969999,23.230000,23.480000,23.480000,20172900
2017-02-24,22.959999,23.260000,22.639999,23.240000,23.240000,22019600
2017-02-27,23.360001,23.770000,23.150000,23.760000,23.760000,17999800
2017-02-28,23.790001,23.950001,23.320000,23.440001,23.440001,21447500
2017-03-01,24.160000,24.580000,24.070000,24.549999,24.549999,27989300
2017-03-02,24.879999,25.250000,24.379999,24.700001,24.700001,45941900
2017-03-03,25.200001,25.680000,24.980000,25.570000,25.570000,37862400
2017-03-06,25.500000,25.920000,25.170000,25.709999,25.709999,25527800
2017-03-07,25.559999,25.750000,25.280001,25.639999,25.639999,20313000
2017-03-08,25.639999,25.830000,25.040001,25.379999,25.379999,24921100
2017-03-09,25.230000,25.490000,24.850000,25.150000,25.150000,21786600
2017-03-10,25.280001,25.750000,24.809999,25.180000,25.180000,28919000
2017-03-13,25.389999,25.820000,25.290001,25.700001,25.700001,23768200
2017-03-14,25.590000,25.700001,25.250000,25.580000,25.580000,14587500
2017-03-15,25.150000,26.150000,24.940001,26.120001,26.120001,29779900
2017-03-16,26.200001,26.230000,25.830000,26.040001,26.040001,19147300
2017-03-17,25.860001,25.910000,25.400000,25.799999,25.799999,19126500
2017-03-20,25.990000,26.610001,25.809999,26.209999,26.209999,26918800
2017-03-21,26.299999,26.440001,25.430000,25.520000,25.520000,28397500
2017-03-22,25.730000,26.150000,25.629999,26.059999,26.059999,25092500
2017-03-23,26.360001,26.490000,26.040001,26.469999,26.469999,47118300
2017-03-24,29.709999,29.870001,28.160000,28.430000,28.430000,107481800
2017-03-27,28.100000,29.180000,28.070000,28.760000,28.760000,48190000
2017-03-28,28.730000,29.059999,28.620001,28.690001,28.690001,24776400
2017-03-29,28.600000,28.680000,28.350000,28.500000,28.500000,23060600
2017-03-30,28.400000,29.000000,28.330000,28.969999,28.969999,25092700
2017-03-31,29.100000,29.360001,28.900000,28.900000,28.900000,32337800
2017-04-03,28.950001,29.040001,28.299999,28.639999,28.639999,21629100
2017-04-04,28.469999,28.680000,28.160000,28.590000,28.590000,13957900
2017-04-05,28.639999,28.910000,28.230000,28.260000,28.260000,22389900
2017-04-06,28.250000,28.780001,28.020000,28.620001,28.620001,19423700
2017-04-07,28.450001,28.860001,28.350000,28.520000,28.520000,20325500
2017-04-10,28.450001,28.490000,27.580000,27.639999,27.639999,27422100
2017-04-11,27.500000,27.540001,26.680000,27.180000,27.180000,38619300
2017-04-12,27.420000,27.430000,26.660000,26.690001,26.690001,24621900
2017-04-13,26.549999,27.230000,26.360001,26.740000,26.740000,26077500
2017-04-17,26.910000,27.219999,26.830000,27.129999,27.129999,14108600
2017-04-18,27.000000,27.340000,26.900000,27.139999,27.139999,14407100
2017-04-19,27.450001,27.549999,27.049999,27.260000,27.260000,21231900
2017-04-20,27.500000,28.080000,27.500000,27.959999,27.959999,23633000
2017-04-21,28.000000,28.030001,27.160000,27.320000,27.320000,28361700
2017-04-24,27.740000,27.760000,26.520000,26.570000,26.570000,44041000
2017-04-25,26.709999,27.020000,26.370001,26.990000,26.990000,22881400
2017-04-26,26.580000,27.070000,26.389999,26.790001,26.790001,24670700
2017-04-27,27.170000,27.650000,27.100000,27.629999,27.629999,24626900
2017-04-28,28.020000,28.200001,27.510000,27.670000,27.670000,28105100
2017-05-01,27.850000,28.379999,27.719999,28.290001,28.290001,23938000
2017-05-02,28.280001,28.280001,27.450001,27.770000,27.770000,25335300
2017-05-03,27.549999,28.100000,27.549999,28.000000,28.000000,15061300
2017-05-04,27.940001,28.170000,27.719999,27.790001,27.790001,15544600
2017-05-05,27.799999,28.219999,27.620001,28.200001,28.200001,15639600
2017-05-08,27.559999,28.070000,27.280001,28.059999,28.059999,32326800
2017-05-09,28.110001,28.900000,28.059999,28.809999,28.809999,31073400
2017-05-10,28.920000,29.420000,28.799999,29.320000,29.320000,29267500
2017-05-11,29.170000,29.309999,28.690001,29.030001,29.030001,22494600
2017-05-12,29.100000,29.120001,28.680000,28.930000,28.930000,15902700
2017-05-15,29.080000,29.190001,28.730000,28.830000,28.830000,21899900
2017-05-16,28.920000,29.080000,28.570000,29.020000,29.020000,14940800
2017-05-17,28.340000,28.510000,26.959999,27.000000,27.000000,38027900
2017-05-18,27.150000,27.889999,27.090000,27.480000,27.480000,26863000
2017-05-19,27.780001,28.160000,27.730000,27.820000,27.820000,19173200
2017-05-22,28.200001,28.250000,27.650000,28.059999,28.059999,18032700
2017-05-23,28.080000,28.309999,27.559999,28.290001,28.290001,21800800
2017-05-24,28.469999,29.120001,28.440001,28.990000,28.990000,22216800
2017-05-25,29.200001,29.660000,29.190001,29.430000,29.430000,20714000
2017-05-26,29.270000,29.770000,28.879999,29.760000,29.760000,17728600
2017-05-30,29.940001,30.870001,29.879999,30.700001,30.700001,34690000
2017-05-31,31.010000,31.100000,30.320000,30.770000,30.770000,26402900
2017-06-01,30.750000,30.830000,30.280001,30.760000,30.760000,20534800
2017-06-02,30.799999,31.379999,30.530001,31.209999,31.209999,20206300
2017-06-05,31.299999,31.760000,31.070000,31.209999,31.209999,24360800
2017-06-06,31.040001,31.770000,30.870001,31.570000,31.570000,33125800
2017-06-07,31.700001,32.549999,31.700001,32.500000,32.500000,32635800
2017-06-08,32.840000,32.860001,31.879999,32.450001,32.450001,29156500
2017-06-09,32.669998,32.930000,29.549999,30.600000,30.600000,53064200
2017-06-12,30.059999,31.690001,29.209999,31.200001,31.200001,46550900
2017-06-13,31.750000,32.240002,30.770000,31.540001,31.540001,33767900
2017-06-14,31.780001,31.790001,30.850000,31.059999,31.059999,28935000
2017-06-15,30.469999,30.969999,30.080000,30.559999,30.559999,33670600
2017-06-16,30.629999,31.000000,29.820000,29.860001,29.860001,42881700
2017-06-19,30.510000,31.250000,30.330000,31.200001,31.200001,24915000
2017-06-20,31.400000,31.580000,30.730000,30.830000,30.830000,25793300
2017-06-21,31.180000,32.150002,31.059999,32.009998,32.009998,30579000
2017-06-22,32.040001,32.400002,31.760000,31.889999,31.889999,23050800
2017-06-23,31.889999,32.080002,31.639999,31.730000,31.730000,45323800
2017-06-26,32.450001,32.959999,31.950001,32.500000,32.500000,34750700
2017-06-27,32.509998,32.669998,31.610001,31.660000,31.660000,33221500
2017-06-28,32.070000,32.279999,31.440001,32.240002,32.240002,28415900
2017-06-29,32.290001,32.389999,30.639999,31.469999,31.469999,53948400
2017-06-30,32.119999,32.150002,29.709999,29.860001,29.860001,73308000
2017-07-03,30.090000,30.280001,28.559999,29.139999,29.139999,36791900
2017-07-05,29.549999,30.559999,29.549999,30.510000,30.510000,40444600
2017-07-06,29.940001,30.480000,29.920000,30.100000,30.100000,27143800
2017-07-07,30.219999,30.500000,29.980000,30.200001,30.200001,22023100
2017-07-10,30.160000,30.590000,29.750000,30.500000,30.500000,24907900
2017-07-11,30.549999,31.389999,30.510000,31.370001,31.370001,28530500
2017-07-12,31.770000,31.780001,31.160000,31.450001,31.450001,22258600
2017-07-13,31.549999,31.850000,30.840000,31.129999,31.129999,23773000
2017-07-14,31.350000,31.950001,31.260000,31.790001,31.790001,28887600
2017-07-17,31.670000,31.860001,31.440001,31.719999,31.719999,22320500
2017-07-18,31.639999,31.910000,31.400000,31.900000,31.900000,14045000
2017-07-19,32.049999,32.349998,31.650000,31.820000,31.820000,19984100
2017-07-20,31.930000,32.020000,31.420000,32.000000,32.000000,23179300
2017-07-21,31.900000,32.099998,31.620001,32.009998,32.009998,21146600
2017-07-24,32.000000,32.009998,31.500000,31.670000,31.670000,17415500
2017-07-25,30.799999,30.830000,29.650000,29.900000,29.900000,51216400
2017-07-26,29.850000,30.049999,29.680000,29.809999,29.809999,26387400
2017-07-27,30.270000,31.299999,29.670000,30.240000,30.240000,38967000
2017-07-28,29.959999,29.980000,28.959999,29.280001,29.280001,31854900
2017-07-31,29.430000,29.549999,27.870001,28.120001,28.120001,41112700
2017-08-01,28.219999,28.940001,27.830000,28.340000,28.340000,28221600
2017-08-02,28.959999,29.430000,28.219999,28.629999,28.629999,27226000
2017-08-03,28.389999,28.400000,27.610001,27.830000,27.830000,30288400
2017-08-04,27.860001,28.299999,27.270000,27.920000,27.920000,23947500
2017-08-07,27.930000,28.610001,27.799999,28.590000,28.590000,16589300
2017-08-08,28.610001,29.340000,28.610001,28.840000,28.840000,21903300
2017-08-09,28.510000,28.889999,28.360001,28.580000,28.580000,14181800
2017-08-10,28.299999,28.379999,27.430000,27.490000,27.490000,26147600
2017-08-11,27.440001,28.040001,26.850000,28.010000,28.010000,23375900
2017-08-14,28.820000,29.360001,28.719999,29.240000,29.240000,25254600
2017-08-15,29.500000,29.809999,29.139999,29.680000,29.680000,23973600
2017-08-16,30.020000,30.860001,29.959999,30.690001,30.690001,37879500
2017-08-17,30.320000,30.530001,29.610001,29.620001,29.620001,26152500
2017-08-18,29.959999,30.600000,29.760000,30.379999,30.379999,31178100
2017-08-21,30.530001,30.600000,29.280001,29.559999,29.559999,26247700
2017-08-22,29.850000,30.540001,29.770000,30.450001,30.450001,18821200
2017-08-23,29.969999,30.740000,29.870001,30.450001,30.450001,21200400
2017-08-24,30.549999,30.629999,30.110001,30.219999,30.219999,18056800
2017-08-25,30.299999,30.389999,30.049999,30.290001,30.290001,13929800
2017-08-28,30.430000,31.209999,30.420000,31.080000,31.080000,22531000
2017-08-29,30.750000,31.530001,30.700001,31.480000,31.480000,23151900
2017-08-30,31.650000,31.680000,31.379999,31.610001,31.610001,17467900
2017-08-31,31.610001,32.020000,31.480000,31.969999,31.969999,25694000
2017-09-01,32.130001,32.880001,32.130001,32.599998,32.599998,26034000
2017-09-05,32.450001,32.740002,31.650000,32.070000,32.070000,28866600
2017-09-06,32.070000,32.700001,32.060001,32.250000,32.250000,29290200
2017-09-07,32.470001,32.900002,32.450001,32.790001,32.790001,25353300
2017-09-08,32.799999,33.020000,32.310001,32.450001,32.450001,19649300
2017-09-11,32.900002,33.439999,32.810001,33.439999,33.439999,30802100
2017-09-12,33.689999,34.540001,33.560001,34.290001,34.290001,38685800
2017-09-13,34.560001,34.799999,34.020000,34.590000,34.590000,41588100
2017-09-14,34.430000,34.849998,34.299999,34.580002,34.580002,23007000
2017-09-15,34.639999,35.000000,34.380001,34.650002,34.650002,37417300
2017-09-18,35.130001,35.799999,35.020000,35.430000,35.430000,41330100
2017-09-19,35.500000,36.099998,35.500000,35.950001,35.950001,26392200
2017-09-20,36.029999,36.599998,35.340000,35.970001,35.970001,42243000
2017-09-21,35.930000,36.250000,35.400002,35.910000,35.910000,22464900
2017-09-22,35.599998,36.220001,35.599998,36.070000,36.070000,21559800
2017-09-25,36.040001,36.150002,34.540001,34.869999,34.869999,35607200
2017-09-26,35.230000,35.369999,34.090000,34.180000,34.180000,55112600
2017-09-27,36.259998,37.150002,35.919998,37.090000,37.090000,84593900
2017-09-28,37.150002,38.459999,36.820000,37.959999,37.959999,52569900
2017-09-29,37.980000,39.360001,37.810001,39.330002,39.330002,48711400
2017-10-02,39.599998,40.369999,39.360001,40.009998,40.009998,54244800
2017-10-03,39.930000,40.540001,39.849998,40.369999,40.369999,27322300
2017-10-04,40.139999,40.430000,38.910000,39.560001,39.560001,37908400
2017-10-05,39.799999,39.860001,39.250000,39.369999,39.369999,22501000
2017-10-06,39.000000,39.669998,38.810001,39.669998,39.669998,25150300
2017-10-09,39.720001,40.990002,39.619999,40.959999,40.959999,27279300
2017-10-10,41.450001,42.000000,40.459999,41.980000,41.980000,48214100
2017-10-11,40.840000,42.070000,40.799999,41.610001,41.610001,53023600
2017-10-12,41.209999,41.750000,40.290001,40.580002,40.580002,66789800
2017-10-13,40.779999,41.169998,40.320000,40.400002,40.400002,35371200
2017-10-16,40.880001,41.570000,40.509998,41.490002,41.490002,33696800
2017-10-17,41.139999,41.400002,40.250000,40.389999,40.389999,41233700
2017-10-18,41.040001,41.950001,40.810001,41.650002,41.650002,43528000
2017-10-19,41.180000,41.500000,39.799999,41.310001,41.310001,47676000
2017-10-20,42.000000,42.169998,41.439999,41.500000,41.500000,36293700
2017-10-23,41.849998,42.189999,41.400002,41.560001,41.560001,26844200
2017-10-24,41.740002,42.009998,41.430000,41.599998,41.599998,26299400
2017-10-25,41.310001,41.590000,40.310001,41.060001,41.060001,31061100
2017-10-26,41.169998,41.180000,40.310001,40.599998,40.599998,27453500
2017-10-27,40.590000,40.939999,40.040001,40.849998,40.849998,31094700
2017-10-30,40.730000,41.860001,40.680000,41.650002,41.650002,29119500
2017-10-31,42.250000,44.570000,42.200001,44.310001,44.310001,61972200
2017-11-01,44.790001,45.330002,43.779999,44.380001,44.380001,38842900
2017-11-02,44.080002,44.750000,43.720001,44.340000,44.340000,25813000
2017-11-03,44.770000,45.000000,43.349998,43.709999,43.709999,27694600
2017-11-06,43.849998,44.009998,42.450001,43.250000,43.250000,28841000
2017-11-07,43.580002,44.240002,43.330002,43.950001,43.950001,32422900
2017-11-08,43.849998,44.139999,43.450001,44.090000,44.090000,19519600
2017-11-09,43.689999,43.689999,42.580002,43.500000,43.500000,32501100
2017-11-10,43.759998,44.849998,43.709999,44.779999,44.779999,33840800
2017-11-13,44.330002,45.869999,44.189999,45.599998,45.599998,30522300
2017-11-14,45.580002,46.000000,44.799999,45.799999,45.799999,29899200
2017-11-15,45.189999,45.740002,44.619999,45.360001,45.360001,22434500
2017-11-16,45.730000,46.290001,45.290001,46.180000,46.180000,24192600
2017-11-17,46.540001,46.549999,45.730000,46.160000,46.160000,22613300
2017-11-20,46.509998,47.860001,46.400002,47.639999,47.639999,26975000
2017-11-21,48.360001,49.630001,48.150002,49.400002,49.400002,35756600
2017-11-22,49.849998,49.889999,48.619999,49.139999,49.139999,28711800
2017-11-24,49.320000,49.880001,49.029999,49.680000,49.680000,14203300
2017-11-27,47.959999,48.389999,47.090000,48.049999,48.049999,44469700
2017-11-28,48.450001,48.860001,47.820000,47.930000,47.930000,30633200
2017-11-29,47.500000,47.599998,43.270000,43.740002,43.740002,81370100
2017-11-30,44.160000,44.540001,41.860001,42.389999,42.389999,63895700
2017-12-01,41.730000,42.549999,40.009998,41.990002,41.990002,73138600
2017-12-04,41.950001,42.290001,39.070000,39.900002,39.900002,73640500
2017-12-05,39.770000,42.049999,39.419998,41.209999,41.209999,56540700
2017-12-06,40.820000,41.740002,40.299999,41.580002,41.580002,39735300
2017-12-07,42.180000,43.230000,41.910000,43.200001,43.200001,43189000
2017-12-08,44.040001,44.580002,42.869999,43.209999,43.209999,44717800
2017-12-11,43.419998,43.750000,42.330002,43.009998,43.009998,32824000
2017-12-12,42.689999,42.849998,41.709999,41.860001,41.860001,28492300
2017-12-13,42.220001,43.099998,41.970001,42.049999,42.049999,28565600
2017-12-14,42.290001,42.730000,41.880001,42.240002,42.240002,24582800
2017-12-15,42.299999,42.560001,41.889999,42.400002,42.400002,58721700
2017-12-18,43.369999,43.730000,42.990002,43.709999,43.709999,35075500
2017-12-19,44.090000,44.340000,43.299999,43.980000,43.980000,51048300
2017-12-20,46.650002,46.799999,44.860001,45.750000,45.750000,84338200
2017-12-21,45.549999,45.580002,44.349998,44.419998,44.419998,50486100
2017-12-22,44.180000,44.939999,43.939999,44.119999,44.119999,30290600
2017-12-26,43.189999,43.200001,41.520000,42.250000,42.250000,41966200
2017-12-27,42.220001,43.070000,42.029999,42.480000,42.480000,24175100
2017-12-28,42.830002,43.049999,41.750000,41.810001,41.810001,28999700
2017-12-29,41.820000,41.840000,40.770000,41.119999,41.119999,44536700
2018-01-02,41.540001,43.720001,41.189999,43.669998,43.669998,37097000
2018-01-03,44.500000,45.049999,44.049999,44.980000,44.980000,43376700
2018-01-04,45.990002,46.980000,45.009998,46.880001,46.880001,52229500
2018-01-05,46.130001,46.660000,45.380001,45.799999,45.799999,47381100
2018-01-08,45.310001,46.090000,44.910000,45.549999,45.549999,32217400
2018-01-09,45.270000,45.549999,42.770000,42.970001,42.970001,62982900
2018-01-10,41.950001,43.369999,41.389999,43.310001,43.310001,53348000
2018-01-11,43.520000,44.000000,42.619999,42.820000,42.820000,39402200
2018-01-12,42.820000,43.349998,42.680000,42.810001,42.810001,28380800
2018-01-16,43.139999,43.860001,42.419998,42.919998,42.919998,38174800
2018-01-17,43.209999,44.380001,42.980000,44.259998,44.259998,38077100
2018-01-18,44.209999,44.650002,43.910000,43.990002,43.990002,25152100
2018-01-19,43.950001,44.200001,42.650002,42.750000,42.750000,41469200
2018-01-22,42.470001,42.880001,41.680000,42.880001,42.880001,37879400
2018-01-23,43.250000,44.660000,42.730000,43.950001,43.950001,41334100
2018-01-24,43.759998,43.950001,42.740002,43.080002,43.080002,31305700
2018-01-25,44.230000,44.720001,42.860001,43.009998,43.009998,40519200
2018-01-26,43.220001,43.810001,43.029999,43.669998,43.669998,27177500
2018-01-29,43.250000,43.419998,42.380001,43.290001,43.290001,29455000
2018-01-30,41.990002,42.799999,41.470001,41.669998,41.669998,38861900
2018-01-31,42.980000,43.959999,42.770000,43.720001,43.720001,45114600
2018-02-01,43.040001,44.090000,42.099998,42.490002,42.490002,35713500
2018-02-02,42.000000,42.209999,40.610001,40.820000,40.820000,40657400
2018-02-05,40.139999,41.529999,39.009998,39.400002,39.400002,45796800
2018-02-06,40.549999,43.930000,40.549999,43.880001,43.880001,66972800
2018-02-07,43.259998,43.560001,41.740002,42.009998,42.009998,51354800
2018-02-08,42.520000,43.029999,40.000000,40.000000,40.000000,53794100
2018-02-09,41.049999,41.189999,37.520000,40.410000,40.410000,65189300
2018-02-12,41.009998,42.680000,40.880001,42.189999,42.189999,47941100
2018-02-13,42.049999,42.919998,41.980000,42.630001,42.630001,30296800
2018-02-14,41.930000,43.630001,41.930000,43.450001,43.450001,36765900
2018-02-15,43.730000,43.919998,42.259998,43.500000,43.500000,35072300
2018-02-16,43.290001,45.110001,43.130001,44.209999,44.209999,49404600
2018-02-20,44.020000,45.270000,43.900002,44.900002,44.900002,36215900
2018-02-21,45.369999,45.549999,44.520000,44.540001,44.540001,31618700
2018-02-22,44.779999,44.830002,44.040001,44.250000,44.250000,24359600
2018-02-23,45.180000,46.799999,45.020000,46.529999,46.529999,48476700
2018-02-26,46.970001,48.230000,46.700001,47.980000,47.980000,41966100
2018-02-27,47.660000,48.990002,47.419998,48.580002,48.580002,44731100
2018-02-28,48.799999,49.459999,48.349998,48.810001,48.810001,45031400
2018-03-01,48.770000,48.810001,46.770000,47.619999,47.619999,61278800
2018-03-02,46.360001,49.250000,45.950001,49.110001,49.110001,52492900
2018-03-05,48.799999,52.360001,48.720001,52.029999,52.029999,70984100
2018-03-06,53.400002,54.639999,53.209999,53.740002,53.740002,73096300
2018-03-07,53.340000,55.000000,53.130001,53.970001,53.970001,61670000
2018-03-08,54.590000,55.470001,54.299999,55.220001,55.220001,51685900
2018-03-09,55.759998,55.830002,53.619999,54.590000,54.590000,65504600
2018-03-12,56.500000,61.169998,56.349998,59.369999,59.369999,138651600
2018-03-13,62.169998,63.419998,58.520000,59.430000,59.430000,142315800
2018-03-14,59.320000,60.060001,57.560001,59.779999,59.779999,80306900
2018-03-15,59.770000,60.150002,58.230000,58.840000,58.840000,50963700
2018-03-16,60.000000,60.689999,59.209999,60.580002,60.580002,69323100
2018-03-19,60.360001,60.990002,58.750000,60.139999,60.139999,71373300
2018-03-20,60.099998,61.250000,59.799999,61.150002,61.150002,53890500
2018-03-21,61.349998,61.720001,60.599998,61.070000,61.070000,51220200
2018-03-22,60.070000,60.299999,58.110001,58.919998,58.919998,74274700
2018-03-23,57.689999,58.799999,53.680000,54.209999,54.209999,118369500
2018-03-26,56.259998,56.709999,52.720001,55.560001,55.560001,70260700
2018-03-27,55.060001,55.470001,51.680000,52.400002,52.400002,67785100
2018-03-28,51.930000,53.349998,50.700001,51.490002,51.490002,62987500
2018-03-29,52.160000,52.680000,51.139999,52.139999,52.139999,61458800
2018-04-02,51.540001,51.720001,49.560001,50.060001,50.060001,59875500
2018-04-03,50.799999,51.770000,50.320000,51.549999,51.549999,52436400
2018-04-04,49.619999,53.500000,49.259998,53.389999,53.389999,60272800
2018-04-05,52.060001,52.200001,49.189999,49.840000,49.840000,89203500
2018-04-06,47.720001,50.480000,47.259998,48.459999,48.459999,79392200
2018-04-09,49.130001,49.830002,47.919998,47.959999,47.959999,50532900
2018-04-10,49.250000,50.750000,48.639999,50.480000,50.480000,50346500
2018-04-11,50.279999,51.799999,50.110001,50.480000,50.480000,38942200
2018-04-12,51.119999,52.919998,51.099998,52.590000,52.590000,46656300
2018-04-13,53.400002,53.490002,51.580002,52.230000,52.230000,43598900
2018-04-16,52.250000,52.480000,51.320000,51.650002,51.650002,30879500
2018-04-17,51.849998,52.700001,51.740002,52.259998,52.259998,33325300
2018-04-18,51.450001,54.270000,50.680000,54.009998,54.009998,55393600
2018-04-19,52.900002,54.099998,50.980000,51.419998,51.419998,52635000
2018-04-20,51.500000,52.070000,50.150002,50.619999,50.619999,38510800
2018-04-23,50.810001,50.880001,48.810001,49.020000,49.020000,43693000
2018-04-24,49.660000,50.259998,46.439999,47.110001,47.110001,61915400
2018-04-25,47.560001,48.340000,46.080002,47.599998,47.599998,43781200
2018-04-26,49.279999,50.180000,48.830002,50.139999,50.139999,39041400
2018-04-27,51.110001,51.389999,47.189999,47.520000,47.520000,50049800
2018-04-30,47.060001,47.689999,45.320000,45.980000,45.980000,54743800
2018-05-01,45.590000,46.869999,45.410000,46.790001,46.790001,34154900
2018-05-02,45.910000,46.740002,45.680000,45.889999,45.889999,31640800
2018-05-03,45.740002,46.869999,45.330002,46.619999,46.619999,30489600
2018-05-04,46.320000,47.700001,46.139999,47.580002,47.580002,28497600
