<Ticker>,<DTYYYYMMDD>,<Open>,<High>,<Low>,<Close>,<Volume>
APC,20180417,32.60,32.65,30.50,30.70,134930
APC,20180416,34.00,34.00,32.40,32.60,137450
APC,20180413,35.00,35.50,34.40,34.80,18890
APC,20180412,34.00,35.00,33.50,34.80,44770
APC,20180411,35.80,36.00,34.80,34.80,59760
APC,20180410,35.50,36.00,35.20,35.80,123680
APC,20180409,36.50,36.50,35.50,36.00,85200
APC,20180406,37.70,37.70,36.20,36.95,63090
APC,20180405,35.95,37.30,35.95,37.15,113100
APC,20180404,35.00,36.00,35.00,35.50,68460
APC,20180403,37.00,37.50,34.90,35.00,249270
APC,20180402,38.50,38.50,37.50,37.50,128900
APC,20180330,36.50,39.00,35.20,38.40,169490
APC,20180329,39.50,40.00,36.50,36.80,140670
APC,20180328,40.30,40.30,39.10,39.20,350500
APC,20180327,37.70,37.70,37.50,37.70,850400
APC,20180326,35.25,35.25,35.25,35.25,82720
APC,20180323,37.90,37.90,37.90,37.90,11250
APC,20180322,40.70,40.70,40.70,40.70,18710
APC,20180321,43.75,43.75,43.75,43.75,97740
APC,20180320,47.00,48.90,47.00,47.00,241820
APC,20180319,50.00,50.50,47.90,50.50,154230
APC,20180316,47.20,49.95,43.45,47.20,999850
APC,20180315,46.70,53.00,46.70,46.70,1085280
APC,20180314,50.20,50.20,50.20,50.20,9080
APC,20180313,53.90,53.90,53.90,53.90,12520
APC,20180312,62.20,57.90,57.90,57.90,46180
APC,20180309,62.20,62.20,62.20,62.20,47390
APC,20180308,66.80,66.80,66.80,66.80,117880
APC,20180307,79.80,79.80,71.80,71.80,287490
APC,20180306,72.20,77.20,72.00,77.20,89190
APC,20180305,71.00,72.90,70.50,72.20,50160
APC,20180302,70.70,71.70,70.70,71.30,10910
APC,20180301,71.80,72.00,69.50,71.50,15010
APC,20180228,70.40,71.30,70.40,71.20,11150
APC,20180227,70.00,70.90,69.00,70.60,52170
APC,20180226,72.50,72.50,70.70,70.70,54580
APC,20180223,72.00,72.90,71.90,72.70,33940
APC,20180222,73.60,73.90,72.00,72.40,19920
APC,20180221,71.20,74.50,71.20,73.60,33330
APC,20180213,71.00,71.90,70.40,71.00,25400
APC,20180212,71.00,72.00,68.80,71.40,33590
APC,20180209,67.30,72.30,66.30,71.00,45570
APC,20180208,70.00,71.40,69.50,70.40,9690
APC,20180207,72.00,72.00,69.20,70.90,44220
APC,20180206,69.00,70.50,65.60,69.00,127040
APC,20180205,72.10,72.10,70.00,70.50,35540
APC,20180202,68.40,72.60,68.40,72.10,47100
APC,20180201,72.00,72.00,67.00,68.40,147540
APC,20180131,71.00,73.90,70.00,72.00,58610
APC,20180130,72.20,73.90,70.00,70.50,90250
APC,20180129,79.50,79.50,74.00,74.00,67420
APC,20180126,79.90,81.90,79.00,79.50,37810
APC,20180125,84.50,84.70,79.20,79.20,229840
APC,20180122,84.20,84.20,81.10,84.20,176570
APC,20180119,78.70,78.70,78.70,78.70,29530
APC,20180118,69.00,73.60,69.00,73.60,33820
APC,20180117,69.00,72.80,67.10,71.00,56790
APC,20180116,74.00,75.40,69.80,69.90,91450
APC,20180115,77.60,77.60,74.00,74.00,52790
APC,20180112,77.50,79.80,75.40,77.50,80190
APC,20180111,80.60,80.70,78.90,79.00,56800
APC,20180110,80.20,81.20,80.20,81.00,43110
APC,20180109,82.00,82.20,80.80,81.00,27680
APC,20180108,82.90,82.90,81.00,82.30,29400
APC,20180105,83.00,83.20,81.50,82.30,36780
APC,20180104,80.30,83.80,80.30,83.00,48790
APC,20180103,82.50,82.80,80.50,81.10,93820
APC,20180102,83.00,84.80,82.30,83.00,48400
APC,20171229,83.00,84.00,82.00,82.50,56990
APC,20171228,85.90,86.00,83.00,83.20,93970
APC,20171227,84.80,86.30,84.40,85.00,45310
APC,20171226,81.50,84.00,79.50,84.00,187590
APC,20171225,83.00,83.50,80.50,81.50,177850
APC,20171222,88.00,88.20,82.90,83.50,74740
APC,20171221,89.00,89.00,87.80,88.40,48360
APC,20171220,87.50,90.70,87.50,89.00,39890
APC,20171219,91.50,91.50,87.00,87.80,61670
APC,20171218,87.60,90.80,87.60,90.80,42960
APC,20171215,89.30,93.00,87.60,87.60,56230
APC,20171214,83.20,87.70,83.20,87.70,139380
APC,20171213,80.00,82.90,79.00,82.00,64180
APC,20171212,80.00,80.30,79.00,80.00,54070
APC,20171211,78.00,81.20,77.00,80.00,75310
APC,20171208,77.00,78.50,77.00,78.00,9830
APC,20171207,79.00,79.00,77.00,77.90,17000
APC,20171206,74.60,79.00,73.90,79.00,58530
APC,20171205,76.80,76.80,75.10,75.10,32820
APC,20171204,77.80,78.00,76.70,76.80,59670
APC,20171201,78.50,78.50,76.30,78.40,54350
APC,20171130,78.00,79.00,77.30,78.40,31090
APC,20171129,76.50,79.00,76.50,78.00,59480
APC,20171128,77.50,80.20,75.80,75.80,70440
APC,20171127,73.00,77.00,73.00,76.70,70090
APC,20171124,69.90,72.60,69.50,72.50,60510
APC,20171123,68.00,70.50,68.00,69.90,131730
APC,20171122,67.90,68.00,67.10,68.00,53210
APC,20171121,69.10,69.10,64.30,67.90,64890
APC,20171120,67.60,69.60,67.40,69.10,76640
APC,20171117,68.00,68.50,67.30,67.60,47240
APC,20171116,68.90,68.90,67.20,68.00,58870
APC,20171115,65.30,69.20,65.30,68.50,143250
APC,20171114,63.00,65.60,62.90,65.50,71740
APC,20171113,65.00,65.00,62.50,63.10,106920
APC,20171110,64.50,65.00,63.30,65.00,108440
APC,20171109,66.30,67.50,64.00,65.00,72920
APC,20171108,63.50,66.20,63.50,66.20,81770
APC,20171107,61.50,65.30,61.50,63.50,66720
APC,20171106,62.90,62.90,59.60,61.50,179380
APC,20171103,61.40,65.90,61.40,62.90,154580
APC,20171102,68.10,69.00,63.40,63.40,442170
APC,20171101,66.30,70.50,66.20,68.10,204870
APC,20171031,63.50,66.20,61.00,66.20,214440
APC,20171030,60.00,62.90,60.00,61.90,212720
APC,20171027,57.70,58.90,57.30,58.90,49870
APC,20171026,58.50,59.50,57.90,58.00,60320
APC,20171025,58.50,61.00,58.20,59.00,157690
APC,20171024,54.70,58.50,54.60,58.20,198120
APC,20171023,54.00,57.00,53.00,56.00,176760
APC,20171020,55.30,55.30,52.50,55.00,166570
APC,20171019,45.05,51.70,45.05,51.70,581980
APC,20171018,52.00,52.00,48.40,48.40,88750
APC,20171017,53.00,54.00,51.60,52.00,43840
APC,20171016,50.00,52.40,50.00,52.00,61710
APC,20171013,48.60,49.00,48.10,49.00,6340
APC,20171012,48.50,49.00,47.70,49.00,32450
APC,20171011,48.30,49.00,48.20,48.70,29210
APC,20171010,49.50,49.50,48.25,48.70,28180
APC,20171009,47.50,49.70,46.50,48.70,69560
APC,20171006,46.50,47.10,46.35,46.90,23400
APC,20171005,45.90,47.00,45.90,46.50,34250
APC,20171004,45.10,45.90,45.10,45.90,11110
APC,20171003,45.10,45.10,43.80,45.10,17020
APC,20171002,45.00,45.50,44.40,45.10,10910
APC,20170929,46.60,46.60,44.30,45.00,11410
APC,20170928,46.00,46.00,45.00,45.90,5430
APC,20170927,43.70,46.00,43.30,46.00,13950
APC,20170926,44.50,44.50,43.30,44.00,25610
APC,20170925,46.00,46.00,43.60,44.50,9890
APC,20170922,45.25,46.20,45.15,45.60,32230
APC,20170921,42.60,45.25,42.60,45.25,37340
APC,20170920,43.00,43.00,42.10,42.50,32570
APC,20170919,42.00,42.60,41.60,42.60,26670
APC,20170918,41.00,43.00,41.00,42.00,40910
APC,20170915,42.30,42.30,40.50,40.80,37610
APC,20170914,37.15,39.80,37.10,39.80,82210
APC,20170913,37.15,38.00,37.15,37.20,32080
APC,20170912,37.00,38.00,36.80,37.40,47840
APC,20170911,37.00,37.50,36.50,37.45,16280
APC,20170908,38.20,38.20,36.90,37.00,40330
APC,20170907,38.00,38.00,37.40,37.70,18460
APC,20170906,38.40,38.55,37.90,38.00,24340
APC,20170905,38.40,38.60,38.40,38.50,24250
APC,20170901,37.90,38.50,37.70,38.50,43080
APC,20170831,37.50,38.30,37.35,37.90,27820
APC,20170830,38.30,38.30,37.10,37.80,38200
APC,20170829,37.00,38.40,37.00,37.90,34070
APC,20170828,36.20,37.40,36.00,37.00,35420
APC,20170825,37.80,37.80,36.00,36.20,65690
APC,20170824,37.45,38.00,36.50,37.00,32940
APC,20170823,37.00,37.45,35.60,37.00,52940
APC,20170822,38.40,38.40,36.90,37.00,45330
APC,20170821,38.20,38.95,38.00,38.60,45900
APC,20170818,38.70,39.00,38.50,38.90,23510
APC,20170817,39.00,39.20,38.70,39.20,43300
APC,20170816,38.20,39.30,38.10,39.20,22000
APC,20170815,38.90,38.90,38.00,38.90,32430
APC,20170814,37.10,39.50,37.10,38.90,74050
APC,20170811,37.80,37.80,37.00,37.50,19850
APC,20170810,35.65,37.50,35.60,37.50,43700
APC,20170809,36.50,36.50,35.20,36.05,18410
APC,20170808,35.60,36.90,35.00,36.10,66120
APC,20170807,36.40,36.40,35.30,35.60,102250
APC,20170804,36.50,36.50,36.00,36.40,59540
APC,20170803,36.90,36.90,35.90,36.50,41840
APC,20170802,38.00,38.00,36.00,36.90,28390
APC,20170801,36.40,37.00,35.60,36.50,54660
APC,20170731,38.00,38.00,35.80,36.00,128140
APC,20170728,39.00,39.00,37.30,38.00,54210
APC,20170727,37.00,38.10,36.80,38.00,70900
APC,20170726,37.50,38.00,36.80,37.00,40270
APC,20170725,33.20,35.80,33.20,35.75,181470
APC,20170724,33.80,33.80,32.90,33.50,71310
APC,20170721,33.40,34.50,32.50,33.90,104650
APC,20170720,34.60,34.60,33.00,33.50,49720
APC,20170719,32.00,34.20,32.00,34.00,170570
APC,20170718,32.00,32.00,31.10,32.00,469400
APC,20170717,29.95,29.95,29.95,29.95,32790
APC,20170714,27.95,28.45,27.90,28.00,40370
APC,20170713,27.85,28.00,27.60,27.90,5470
APC,20170712,27.20,27.95,27.20,27.85,10680
APC,20170711,27.40,28.00,27.20,27.20,15580
APC,20170710,27.20,27.50,27.10,27.40,33230
APC,20170707,28.00,28.00,27.30,27.30,16980
APC,20170706,28.00,28.50,27.25,27.95,10040
APC,20170705,27.40,28.00,27.00,28.00,7340
APC,20170704,28.90,28.90,27.60,28.20,11770
APC,20170703,27.00,28.10,26.70,27.90,42610
APC,20170630,26.80,27.00,26.40,26.80,34460
APC,20170629,27.10,27.20,26.80,26.80,9500
APC,20170628,27.20,27.20,27.00,27.10,11800
APC,20170627,27.50,27.50,26.90,27.20,54880
APC,20170626,27.20,27.20,26.50,26.90,64610
APC,20170623,25.90,26.85,25.50,26.50,80960
APC,20170622,24.61,25.20,24.61,25.10,23720
APC,20170621,24.61,25.01,24.32,24.81,38400
APC,20170620,25.05,25.20,24.71,24.76,46180
APC,20170619,25.39,25.59,25.00,25.30,34880
APC,20170616,25.79,25.79,25.00,25.39,36280
APC,20170615,25.49,25.74,25.00,25.59,64980
APC,20170614,26.18,26.27,25.49,25.74,136460
APC,20170613,25.10,25.98,25.10,25.98,65370
APC,20170612,23.63,24.90,23.63,24.90,123560
APC,20170609,23.44,23.54,23.34,23.43,15350
APC,20170608,23.53,23.53,23.28,23.29,19010
APC,20170607,23.43,23.63,23.43,23.53,12350
APC,20170606,23.73,23.73,23.24,23.53,27660
APC,20170605,23.44,23.88,23.24,23.63,40160
APC,20170602,23.83,23.83,23.19,23.24,4650
APC,20170601,23.04,23.53,23.04,23.34,21020
APC,20170531,23.14,23.43,23.04,23.04,26110
APC,20170530,23.92,23.92,23.14,23.43,36290
APC,20170529,24.02,24.31,23.73,23.92,8440
APC,20170526,23.53,24.02,23.53,24.02,12240
APC,20170525,23.63,23.83,23.44,23.53,56630
APC,20170524,23.14,23.53,23.14,23.24,23840
APC,20170523,23.53,23.63,23.13,23.43,46260
APC,20170522,23.44,23.53,23.14,23.38,33570
APC,20170519,23.33,23.48,23.04,23.24,31050
APC,20170518,23.53,23.53,23.04,23.04,57780
APC,20170517,23.83,24.03,23.34,23.92,53210
APC,20170516,23.63,23.83,23.24,23.83,94870
APC,20170515,24.12,24.12,23.53,23.83,68070
APC,20170512,24.51,24.51,23.83,24.02,162700
APC,20170511,24.41,24.80,24.31,24.61,137240
APC,20170510,24.32,24.71,24.22,24.51,60200
APC,20170509,24.22,25.05,24.22,24.71,133960
APC,20170508,24.81,24.81,24.17,24.22,22810
APC,20170505,24.02,24.66,24.02,24.61,30030
APC,20170504,23.73,24.61,23.73,23.92,58250
APC,20170503,24.12,24.12,23.78,23.83,80100
APC,20170428,24.22,24.51,24.12,24.12,21480
APC,20170427,24.51,24.71,24.12,24.51,47840
APC,20170426,25.00,25.00,24.26,24.51,29110
APC,20170425,25.19,25.44,24.75,24.90,73700
APC,20170424,25.30,25.40,24.76,25.39,170140
APC,20170421,24.02,25.15,23.82,25.15,352510
APC,20170420,22.07,24.37,22.07,23.53,185060
APC,20170419,22.65,22.85,22.11,22.85,18430
APC,20170418,22.26,22.65,21.77,22.65,43980
APC,20170417,22.75,22.80,21.62,21.62,41900
APC,20170414,23.04,23.04,22.65,22.65,16270
APC,20170413,23.34,23.63,23.05,23.24,33060
APC,20170412,23.43,23.43,23.04,23.34,39140
APC,20170411,23.24,23.68,23.14,23.53,39970
APC,20170410,23.34,23.53,23.24,23.24,24310
APC,20170407,23.34,23.83,23.29,23.73,48400
APC,20170405,23.23,23.53,23.04,23.34,27530
APC,20170404,23.63,23.63,23.24,23.38,109360
APC,20170403,23.63,24.12,23.53,23.83,52330
APC,20170331,24.81,24.81,23.63,23.63,64460
APC,20170330,24.71,24.91,24.42,24.81,87100
APC,20170329,24.41,24.90,24.02,24.71,160820
APC,20170328,24.75,25.15,24.41,24.41,46420
APC,20170327,25.40,25.50,24.42,24.90,113290
APC,20170324,23.53,25.25,23.53,25.25,394180
APC,20170323,23.92,24.31,23.19,23.63,112560
APC,20170322,24.51,24.71,23.63,24.02,106670
APC,20170321,25.88,25.88,24.51,24.71,103660
APC,20170320,24.22,24.61,24.12,24.61,277240
APC,20170317,22.75,24.02,22.60,23.04,108990
APC,20170316,22.45,22.75,22.35,22.75,66340
APC,20170315,22.75,23.04,22.45,22.55,58930
APC,20170314,22.75,23.04,22.36,23.04,116370
APC,20170313,24.02,24.12,23.28,23.29,378160
APC,20170310,25.39,25.78,24.90,25.00,49390
APC,20170309,24.61,25.68,24.61,25.39,69960
APC,20170308,25.50,25.69,24.76,24.90,101490
APC,20170307,25.59,26.08,24.61,25.79,70240
APC,20170306,25.49,26.23,25.49,25.59,194870
APC,20170303,24.02,24.51,23.92,24.51,542590
APC,20170302,22.26,23.04,22.26,22.94,248150
APC,20170301,22.16,22.26,21.77,22.06,35180
APC,20170228,22.26,22.26,21.87,22.16,49830
APC,20170227,21.86,22.45,21.86,22.26,15310
APC,20170224,22.26,22.26,22.01,22.06,51670
APC,20170223,23.04,23.04,22.26,22.26,32260
APC,20170222,22.65,22.65,22.36,22.65,35970
APC,20170221,22.84,22.84,22.45,22.65,62480
APC,20170220,21.96,22.84,21.96,22.45,54140
APC,20170217,22.55,22.55,21.57,21.96,63810
APC,20170216,22.75,23.14,22.06,22.75,58240
APC,20170215,22.65,22.95,22.55,22.75,37300
APC,20170214,23.04,23.43,22.74,22.75,16430
APC,20170213,23.39,23.39,22.36,22.94,166170
APC,20170210,21.86,22.35,21.86,22.26,33840
APC,20170209,22.06,22.55,21.86,21.86,65270
APC,20170208,22.01,22.16,21.76,22.06,47170
APC,20170207,21.96,22.45,21.96,22.01,32480
APC,20170206,22.36,22.36,21.97,22.01,32260
APC,20170203,21.47,22.50,21.28,22.31,59520
APC,20170202,21.27,21.86,20.88,21.57,35130
APC,20170125,21.13,21.47,20.79,21.47,30270
APC,20170124,20.54,21.13,20.10,21.13,133480
APC,20170123,18.73,19.75,18.73,19.76,72800
APC,20170120,18.92,18.92,18.48,18.48,3320
APC,20170119,18.92,18.92,18.92,18.92,5740
APC,20170118,18.63,19.03,18.63,19.02,8610
APC,20170117,18.92,19.12,18.73,18.83,5970
APC,20170116,19.32,19.32,18.83,19.12,6830
APC,20170113,18.38,19.12,18.33,19.12,63570
APC,20170112,18.33,18.38,18.23,18.38,6740
APC,20170111,18.24,18.44,18.19,18.43,11060
APC,20170110,18.14,18.39,18.14,18.24,14940
APC,20170109,18.38,18.43,18.23,18.24,4310
APC,20170106,18.24,18.63,18.24,18.38,24470
APC,20170105,18.34,18.34,18.34,18.34,1700
APC,20170104,18.14,18.53,18.14,18.34,5090
APC,20170103,18.09,18.19,18.04,18.09,6820
APC,20161230,17.99,18.24,17.94,18.09,2660
APC,20161229,18.14,18.19,18.04,18.09,14200
APC,20161228,18.14,18.49,18.14,18.48,1280
APC,20161227,18.48,18.48,18.09,18.29,7310
APC,20161226,18.14,18.14,17.90,18.09,850
APC,20161223,18.24,18.24,18.14,18.19,7900
APC,20161222,18.34,18.53,18.24,18.29,8610
APC,20161221,18.43,18.43,18.19,18.24,11470
APC,20161220,18.43,18.77,18.43,18.48,25950
APC,20161219,18.24,18.53,18.24,18.43,8280
APC,20161216,18.14,18.34,18.14,18.24,13210
APC,20161215,17.99,18.14,17.99,18.14,7600
APC,20161214,17.75,18.04,17.75,18.04,17280
APC,20161213,17.74,17.79,17.69,17.75,19800
APC,20161212,17.99,17.99,17.84,17.84,15210
APC,20161209,17.94,18.04,17.94,18.04,12250
APC,20161208,17.94,18.09,17.94,18.09,5460
APC,20161207,17.75,18.14,17.65,18.09,8600
APC,20161206,18.04,18.04,17.75,17.75,20050
APC,20161205,18.04,18.04,17.94,18.04,6470
APC,20161202,18.04,18.14,18.04,18.04,8080
APC,20161201,18.14,18.24,18.14,18.14,6290
APC,20161130,18.14,18.33,18.04,18.34,15990
APC,20161129,17.94,18.04,17.94,17.94,25590
APC,20161128,18.14,18.14,17.94,17.94,9330
APC,20161125,17.94,18.24,17.89,18.09,17630
APC,20161124,18.34,18.34,17.95,18.09,33480
APC,20161123,18.14,18.53,18.14,18.34,26420
APC,20161122,18.04,18.43,17.94,18.09,16660
APC,20161121,18.14,18.24,17.89,18.04,31030
APC,20161118,18.44,18.44,18.14,18.14,34620
APC,20161117,18.33,18.63,18.23,18.34,34740
APC,20161116,18.53,18.92,18.43,18.43,63470
APC,20161115,19.02,19.02,18.53,18.53,54120
APC,20161114,19.12,19.36,18.73,18.73,25500
APC,20161111,19.81,19.81,19.02,19.02,15130
APC,20161110,19.17,19.52,18.93,19.22,50190
APC,20161109,19.32,19.32,18.63,18.83,25930
APC,20161108,19.12,19.27,19.02,19.27,12750
APC,20161107,19.17,19.22,19.12,19.22,18890
APC,20161104,19.17,19.32,19.12,19.17,17690
APC,20161103,19.61,19.61,18.83,19.61,56560
APC,20161102,20.00,20.00,19.51,19.71,44180
APC,20161101,20.54,20.54,20.00,20.00,37820
APC,20161031,19.91,20.50,19.61,20.39,121320
APC,20161028,19.61,19.80,19.41,19.81,56070
APC,20161027,19.85,19.85,19.51,19.51,22960
APC,20161026,20.00,20.00,19.21,19.85,71800
APC,20161025,19.61,19.90,19.61,19.85,62580
APC,20161024,19.81,20.00,19.22,19.61,85050
APC,20161021,18.63,19.70,18.63,19.71,310710
APC,20161020,18.53,18.63,18.43,18.43,12250
APC,20161019,18.73,18.73,18.43,18.63,6960
APC,20161018,18.43,18.58,18.43,18.58,1600
APC,20161017,19.61,19.61,18.53,18.63,16650
APC,20161014,18.43,18.63,18.33,18.63,11000
APC,20161013,18.34,18.53,18.34,18.53,11980
APC,20161012,18.63,18.63,18.63,18.63,6400
APC,20161011,18.63,18.63,18.34,18.63,20440
APC,20161010,18.92,18.92,18.72,18.83,3310
APC,20161007,18.34,18.92,18.34,18.92,19720
APC,20161006,18.63,18.63,18.34,18.63,21520
APC,20161005,18.73,18.93,18.34,18.83,7240
APC,20161004,18.92,18.92,18.43,18.83,5410
APC,20161003,18.63,18.93,18.34,18.92,10290
APC,20160930,18.92,18.92,18.33,18.83,10300
APC,20160929,18.63,19.02,18.14,18.92,8210
APC,20160928,18.92,19.21,18.72,19.02,4730
APC,20160927,19.12,19.22,18.63,18.92,21710
APC,20160926,18.14,19.61,18.14,19.61,19850
APC,20160923,18.14,18.34,18.09,18.34,11920
APC,20160922,18.14,18.14,17.94,18.14,16810
APC,20160921,17.94,18.23,17.84,18.14,20960
APC,20160920,18.14,18.14,17.94,17.94,6480
APC,20160919,18.09,18.14,18.04,18.14,13600
APC,20160916,18.29,18.29,18.04,18.09,12440
APC,20160915,18.34,18.39,18.04,18.29,1310
APC,20160914,18.24,18.29,18.14,18.29,10560
APC,20160913,18.14,18.53,18.14,18.14,35620
APC,20160912,18.24,18.44,18.14,18.14,25160
APC,20160909,18.34,18.34,18.24,18.34,24130
APC,20160908,18.14,18.53,18.14,18.24,4640
APC,20160907,18.34,18.54,18.34,18.53,140
APC,20160906,18.34,18.53,18.34,18.34,22400
APC,20160905,19.12,19.12,18.24,18.24,40890
APC,20160901,19.02,19.02,17.94,18.83,57330
APC,20160831,18.92,19.02,18.82,19.02,4920
APC,20160830,19.12,19.12,18.63,19.02,20820
APC,20160829,18.93,19.12,18.73,19.12,6610
APC,20160826,18.83,19.02,18.63,18.73,35340
APC,20160825,19.02,19.12,18.73,19.12,19090
APC,20160824,19.32,19.51,19.02,19.12,45500
APC,20160823,18.73,19.22,18.73,19.22,11500
APC,20160822,19.22,19.22,18.92,19.12,5400
APC,20160819,19.61,19.61,19.12,19.51,34330
APC,20160818,20.10,20.10,19.61,20.00,30130
APC,20160817,19.41,20.20,19.41,20.10,88570
APC,20160816,18.83,19.81,18.83,19.51,110420
APC,20160815,18.73,18.83,18.54,18.83,14880
APC,20160812,18.93,18.93,18.34,18.83,46880
APC,20160811,18.24,18.93,18.14,18.83,63990
APC,20160810,18.05,18.24,17.95,18.24,56450
APC,20160809,18.43,18.43,18.04,18.34,18230
APC,20160808,18.53,18.63,18.24,18.43,2320
APC,20160805,18.14,18.43,17.94,18.24,17550
APC,20160804,18.04,18.53,17.84,17.94,62530
APC,20160803,18.24,18.24,17.95,17.94,89040
APC,20160802,18.33,18.43,18.24,18.34,61950
APC,20160801,18.43,18.53,18.14,18.53,23570
APC,20160729,18.63,18.73,18.43,18.63,60090
APC,20160728,18.34,18.63,18.24,18.63,48320
APC,20160727,18.63,18.73,18.14,18.34,65240
APC,20160726,17.55,18.73,17.55,18.14,78100
APC,20160725,18.04,18.04,17.55,17.55,15540
APC,20160722,17.94,18.04,17.74,17.94,31710
APC,20160721,18.63,18.63,17.75,18.43,13380
APC,20160720,18.73,18.73,17.75,18.63,147880
APC,20160719,20.00,20.00,18.73,19.02,112170
APC,20160718,20.40,20.40,20.00,20.00,1030
APC,20160715,20.10,20.20,19.51,20.20,24640
APC,20160714,19.61,20.98,18.63,20.10,186060
APC,20160713,19.61,20.10,19.61,19.61,53950
APC,20160712,18.63,19.51,18.04,19.51,47120
APC,20160711,19.91,20.00,18.93,18.92,48880
APC,20160708,20.59,20.89,20.00,20.20,28170
APC,20160707,21.18,21.18,20.40,20.69,69090
APC,20160706,18.53,19.80,18.14,19.81,148730
APC,20160705,18.33,18.92,18.14,18.53,73110
APC,20160704,18.63,19.12,18.34,18.53,58450
APC,20160701,18.04,18.63,17.94,18.63,193620
APC,20160630,16.47,17.45,16.37,17.45,190720
APC,20160629,16.47,16.47,16.27,16.37,37170
APC,20160628,16.27,16.37,16.27,16.37,11110
APC,20160627,15.99,16.38,15.89,16.37,30050
APC,20160624,16.38,16.48,15.69,16.28,49930
APC,20160623,16.27,16.37,16.17,16.28,13290
APC,20160622,16.47,16.47,16.27,16.37,7070
APC,20160621,16.28,16.48,16.18,16.47,12200
APC,20160620,16.57,16.57,16.17,16.28,14860
APC,20160617,16.47,16.47,16.28,16.37,11590
APC,20160616,16.57,16.57,16.47,16.57,9420
APC,20160615,16.57,16.67,16.57,16.57,49200
APC,20160614,16.47,16.57,16.47,16.57,33420
APC,20160613,16.28,16.47,16.09,16.47,12220
APC,20160610,16.18,16.28,16.09,16.28,31680
APC,20160609,16.47,16.47,16.18,16.47,26610
APC,20160608,16.66,16.66,16.28,16.47,12520
APC,20160607,16.47,16.56,16.47,16.47,19710
APC,20160606,16.38,17.14,16.38,16.66,56450
APC,20160603,16.00,16.29,16.00,16.28,18150
APC,20160602,16.29,16.38,16.19,16.19,1610
APC,20160601,16.10,16.19,15.81,16.19,32240
APC,20160531,16.00,16.10,15.90,16.00,40650
APC,20160530,16.00,16.00,15.81,16.00,10340
APC,20160527,15.90,16.00,15.90,16.00,2520
APC,20160526,16.00,16.00,15.90,15.90,5050
APC,20160525,16.00,16.10,15.81,16.00,20300
APC,20160523,16.00,16.00,15.80,16.00,5010
APC,20160520,15.99,15.99,15.90,15.90,7930
APC,20160519,15.90,16.09,15.90,16.09,3760
APC,20160518,15.81,16.00,15.81,15.90,2450
APC,20160517,15.99,16.47,15.42,16.19,72260
APC,20160516,16.57,16.57,16.09,16.09,36530
APC,20160513,16.56,16.75,15.90,16.57,42150
APC,20160512,16.95,16.95,16.47,16.85,20360
APC,20160511,16.95,17.14,16.85,16.95,5530
APC,20160510,16.85,16.85,16.66,16.85,6560
APC,20160509,16.67,17.05,16.67,16.85,40410
APC,20160506,16.19,16.76,16.19,16.57,60450
APC,20160505,16.19,16.28,16.09,16.19,11950
APC,20160504,16.09,16.38,16.00,16.38,14690
APC,20160429,16.19,16.48,15.90,16.19,45760
APC,20160428,16.18,16.18,15.99,16.19,10320
APC,20160427,16.00,16.57,16.00,16.28,31490
APC,20160426,16.09,16.09,15.80,16.00,8080
APC,20160425,16.19,16.19,15.33,16.09,14020
APC,20160422,15.81,16.19,15.81,16.19,3820
APC,20160421,16.00,16.29,15.90,16.00,28600
APC,20160420,16.09,16.09,15.99,16.00,20850
APC,20160419,16.18,16.28,15.99,16.09,16450
APC,20160415,16.09,16.28,16.09,16.28,12600
APC,20160414,15.99,16.19,15.99,16.09,37040
APC,20160413,16.28,16.28,16.09,16.09,13100
APC,20160412,16.19,16.28,16.09,16.28,29140
APC,20160411,16.28,16.38,16.19,16.38,23230
APC,20160408,16.09,16.38,15.99,16.38,22870
APC,20160407,16.18,16.18,16.09,16.09,17210
APC,20160406,16.19,16.29,16.00,16.28,72590
APC,20160405,16.00,16.38,16.00,16.19,74890
APC,20160404,16.28,16.28,15.90,16.00,97850
APC,20160401,16.19,16.48,16.00,16.47,53700
APC,20160331,16.56,16.66,16.18,16.19,24460
APC,20160330,16.56,16.66,16.56,16.66,42310
APC,20160329,16.95,17.04,16.66,16.66,18000
APC,20160328,16.86,16.86,16.66,16.85,30130
APC,20160325,16.47,16.95,16.47,16.76,118260
APC,20160324,16.37,16.47,16.18,16.47,10690
APC,20160323,16.47,16.47,16.18,16.47,39450
APC,20160322,16.66,16.66,16.47,16.47,3650
APC,20160321,16.28,16.47,16.18,16.47,6610
APC,20160318,16.47,16.47,16.37,16.47,45260
APC,20160317,16.95,16.95,16.47,16.47,55750
APC,20160316,16.56,16.95,16.56,16.95,8530
APC,20160315,16.66,16.85,16.66,16.66,21270
APC,20160314,16.95,17.14,16.85,16.95,7020
APC,20160311,17.14,17.14,16.76,16.95,130
APC,20160310,16.57,17.14,16.57,17.14,47520
APC,20160309,16.57,16.95,16.28,16.76,86360
APC,20160308,16.47,16.57,16.37,16.57,8790
APC,20160307,16.66,16.66,16.47,16.47,2500
APC,20160304,16.38,16.67,16.38,16.66,19040
APC,20160303,16.66,16.66,16.38,16.38,6170
APC,20160302,16.86,16.86,16.38,16.76,14480
APC,20160301,16.28,16.76,16.28,16.76,11770
APC,20160229,16.37,16.66,16.18,16.66,4020
APC,20160226,16.47,16.56,16.47,16.47,6000
APC,20160225,17.04,17.04,16.85,16.85,120
APC,20160224,16.85,16.85,16.85,16.85,1310
APC,20160223,16.66,17.04,16.47,17.04,15070
APC,20160222,16.38,16.67,16.29,16.28,28830
APC,20160219,16.28,16.57,16.18,16.19,9590
APC,20160218,16.19,16.57,16.19,16.47,9790
APC,20160217,15.90,16.38,15.90,16.00,7460
APC,20160216,16.19,16.19,15.81,16.19,29050
APC,20160215,16.19,16.19,16.19,16.19,10
APC,20160205,16.28,16.28,16.09,16.09,28610
APC,20160204,15.80,16.09,15.80,16.09,210
APC,20160203,15.90,16.57,15.61,16.09,6580
APC,20160202,16.19,16.19,16.09,16.09,3540
APC,20160201,16.38,16.57,15.90,16.57,4820
APC,20160129,16.09,16.38,15.90,16.38,11380
APC,20160128,15.90,16.28,15.80,16.28,6610
APC,20160127,16.19,16.38,16.09,16.28,5410
APC,20160126,16.19,16.19,16.19,16.19,2010
APC,20160125,16.10,16.57,16.10,16.19,16480
APC,20160122,16.00,16.10,15.81,16.00,17360
APC,20160121,16.09,16.09,15.90,16.00,16620
APC,20160120,16.19,16.19,16.09,16.09,2830
APC,20160119,16.19,16.19,15.90,16.09,14340
APC,20160118,15.80,16.66,15.71,16.09,15290
APC,20160115,16.67,16.67,16.57,16.66,7230
APC,20160114,16.66,17.04,16.57,16.57,20210
APC,20160113,16.47,17.14,16.47,17.14,22850
APC,20160112,16.95,17.14,16.95,17.14,11430
APC,20160111,16.76,16.95,16.57,16.95,22190
APC,20160108,17.14,17.14,16.66,16.76,5820
APC,20160107,17.33,17.33,16.85,16.85,28220
APC,20160106,17.42,17.42,17.04,17.04,10320
APC,20160105,17.14,17.43,17.04,17.04,11340
APC,20160104,17.61,17.61,16.75,17.14,9820
APC,20151231,17.04,17.62,16.95,17.61,24140
APC,20151230,17.33,17.33,16.94,17.33,19220
APC,20151229,16.85,17.04,16.85,17.04,1760
APC,20151228,17.52,17.52,16.85,16.85,21460
APC,20151225,16.95,17.14,16.95,17.14,26440
APC,20151224,16.95,17.05,16.95,16.95,7210
APC,20151223,16.66,16.95,16.57,16.95,7360
APC,20151222,16.95,17.04,16.75,16.76,13710
APC,20151221,17.24,17.24,16.76,16.85,9510
APC,20151218,16.86,17.14,16.67,17.14,34330
APC,20151217,16.95,16.95,16.56,16.57,8020
APC,20151216,16.75,16.75,16.66,16.66,65150
APC,20151215,17.14,17.14,16.85,16.85,23470
APC,20151214,17.14,17.14,16.75,16.95,47210
APC,20151211,17.05,17.05,16.76,16.85,7410
APC,20151210,16.85,17.14,16.75,16.76,17860
APC,20151209,17.14,17.23,16.85,17.04,7050
APC,20151208,17.13,17.13,16.66,16.85,32730
APC,20151207,17.23,17.23,17.23,17.23,5020
APC,20151204,16.94,17.04,16.75,16.85,37120
APC,20151203,17.04,17.13,16.85,17.04,21370
APC,20151202,17.43,17.43,16.95,17.23,29030
APC,20151201,17.23,17.23,16.95,17.14,28940
APC,20151130,17.04,17.33,17.04,17.33,11300
APC,20151127,17.04,17.80,16.94,17.33,29880
APC,20151126,17.62,17.62,17.14,17.23,39390
APC,20151125,17.23,17.61,17.23,17.52,19020
APC,20151124,17.61,17.71,17.33,17.71,34420
APC,20151123,17.52,17.90,17.14,17.90,23270
APC,20151120,17.52,17.52,17.33,17.52,5080
APC,20151119,17.80,17.80,17.42,17.52,50050
APC,20151118,17.61,17.71,17.42,17.61,43070
APC,20151117,17.61,17.61,17.42,17.61,65430
APC,20151116,17.61,17.70,17.51,17.71,79610
APC,20151113,18.09,18.09,17.71,17.80,22380
APC,20151112,17.99,17.99,17.51,17.90,26360
APC,20151111,17.99,17.99,17.70,17.80,37920
APC,20151110,17.61,17.99,17.51,17.99,49350
APC,20151109,18.47,18.47,17.61,17.99,138510
APC,20151106,18.95,18.95,17.71,18.28,191070
APC,20151105,18.76,19.05,18.76,18.95,47640
APC,20151104,19.33,19.52,18.76,18.76,125450
APC,20151103,19.23,19.33,18.75,19.33,135250
APC,20151102,19.51,19.51,19.04,19.23,123110
APC,20151030,19.99,20.47,19.61,19.61,226930
APC,20151029,18.28,19.62,18.19,19.61,596870
APC,20151028,18.37,18.37,17.99,18.38,232500
APC,20151027,18.76,18.76,18.28,18.47,96490
APC,20151026,18.57,18.86,18.47,18.47,146040
APC,20151023,18.57,18.95,18.38,18.76,233070
APC,20151022,18.47,18.57,18.09,18.38,134330
APC,20151021,17.89,18.56,17.89,18.28,111830
APC,20151020,18.28,18.37,17.90,17.99,107970
APC,20151019,18.28,18.76,18.28,18.47,29300
APC,20151016,18.19,18.76,18.19,18.47,100750
APC,20151015,18.86,18.86,18.09,18.19,259710
APC,20151014,18.38,19.43,18.38,18.76,191930
APC,20151013,17.14,18.38,17.14,18.38,159860
APC,20151012,17.42,17.42,17.04,17.33,19900
APC,20151009,17.23,17.42,17.23,17.42,700
APC,20151008,17.14,17.33,17.14,17.23,18700
APC,20151007,17.52,17.71,16.94,17.04,20120
APC,20151006,17.90,17.90,17.14,17.23,2690
APC,20151005,16.76,17.14,16.66,17.14,3540
APC,20151002,17.14,17.14,17.14,17.14,2000
APC,20151001,16.66,17.52,16.66,17.14,10690
APC,20150930,16.76,17.43,16.76,16.76,1880
APC,20150929,16.76,17.33,16.66,17.33,9460
APC,20150928,16.37,16.66,16.37,16.66,1760
APC,20150925,16.66,16.95,16.47,16.47,3320
APC,20150924,16.76,17.04,16.76,16.76,2670
APC,20150923,17.04,17.04,16.66,16.66,8020
APC,20150921,16.75,17.04,16.66,17.04,2440
APC,20150918,17.05,17.05,17.05,17.04,40
APC,20150917,16.56,17.04,16.56,16.95,6730
APC,20150915,16.76,16.85,16.76,16.85,4020
APC,20150914,16.85,16.95,16.66,16.95,8120
APC,20150911,17.14,17.14,16.85,16.85,3380
APC,20150910,16.95,17.14,16.66,16.95,8080
APC,20150909,16.85,17.04,16.85,16.95,33940
APC,20150908,16.76,16.86,16.76,16.85,4670
APC,20150907,16.75,16.75,16.66,16.76,5690
APC,20150904,16.94,17.04,16.94,17.04,4510
APC,20150903,16.85,17.04,16.85,17.04,41880
APC,20150901,16.66,16.86,16.66,16.85,6360
APC,20150831,16.85,16.85,16.66,16.76,7120
APC,20150828,16.95,17.04,16.76,16.85,15350
APC,20150827,16.56,17.14,16.56,17.14,2050
APC,20150826,16.19,16.86,16.19,16.85,5410
APC,20150825,16.00,16.86,15.43,16.38,39390
APC,20150824,16.19,16.19,15.81,16.00,32860
APC,20150821,16.66,16.94,16.18,16.76,88770
APC,20150820,17.13,17.13,16.85,17.04,6220
APC,20150819,17.71,17.71,16.95,17.42,37130
APC,20150818,17.42,17.42,17.13,17.14,44350
APC,20150817,18.09,18.09,17.42,17.42,15870
APC,20150814,17.23,18.09,17.23,18.09,20010
APC,20150813,17.80,17.80,17.51,17.61,23770
APC,20150812,17.71,17.81,17.52,17.80,34260
APC,20150811,18.00,18.09,17.71,17.71,25130
APC,20150810,17.70,17.80,17.61,17.71,26970
APC,20150807,18.09,18.09,17.90,17.99,1810
APC,20150806,18.09,18.19,17.80,18.09,13150
APC,20150805,17.71,18.28,17.71,18.09,71560
APC,20150804,17.90,17.90,17.61,17.71,34640
APC,20150803,17.80,18.09,17.14,17.80,63110
APC,20150731,18.09,18.09,17.80,17.90,19460
APC,20150730,17.90,17.90,17.70,17.90,36440
APC,20150729,17.61,17.90,17.51,17.80,31670
APC,20150728,17.70,17.90,17.61,17.61,11530
APC,20150727,17.32,17.99,17.32,17.80,39210
APC,20150724,18.09,18.09,17.61,17.80,8330
APC,20150723,17.61,18.09,17.61,17.80,40220
APC,20150722,17.42,17.71,17.42,17.61,32330
APC,20150721,17.61,17.61,17.42,17.52,60420
APC,20150720,17.42,18.09,17.42,17.61,17230
APC,20150717,17.80,17.90,17.71,17.80,41780
APC,20150716,17.80,18.09,17.32,18.09,29510
APC,20150715,18.38,18.38,17.81,17.80,84000
APC,20150714,18.57,18.95,18.38,18.57,61950
APC,20150713,19.04,19.04,18.47,18.57,41390
APC,20150710,18.76,19.04,18.56,19.04,69180
APC,20150709,18.37,18.85,18.37,18.66,51470
APC,20150708,19.04,19.04,18.47,18.66,177290
APC,20150707,18.38,19.33,18.38,19.23,204420
APC,20150706,17.90,18.66,17.80,18.38,149590
APC,20150703,17.89,17.89,17.70,17.90,43720
APC,20150702,17.61,17.99,17.61,17.99,113760
APC,20150701,17.42,17.61,17.42,17.61,148880
APC,20150630,17.13,17.61,17.13,17.42,227690
APC,20150629,17.04,17.42,17.04,17.42,51960
APC,20150626,16.95,17.24,16.95,17.23,163650
APC,20150625,17.32,17.32,16.94,16.95,101470
APC,20150624,17.33,17.42,17.14,17.42,87890
APC,20150623,17.32,17.52,17.23,17.52,12810
APC,20150622,17.33,17.52,17.33,17.42,45680
APC,20150619,18.00,18.00,17.33,17.33,181800
APC,20150618,17.52,17.52,17.33,17.33,39960
APC,20150617,17.52,17.52,17.33,17.52,14410
APC,20150616,17.42,17.52,17.33,17.52,18650
APC,20150615,17.42,17.61,17.42,17.52,48730
APC,20150612,17.61,17.90,17.42,17.61,48870
APC,20150611,18.09,18.09,17.42,17.42,27470
APC,20150610,17.80,17.80,17.42,17.42,20080
APC,20150609,17.71,17.80,17.42,17.80,67260
APC,20150608,17.80,18.28,17.70,17.90,69480
APC,20150605,18.28,18.28,17.90,17.99,89860
APC,20150604,18.57,18.57,18.00,18.09,82680
APC,20150603,18.57,18.57,18.09,18.38,28780
APC,20150602,17.32,18.47,17.32,17.90,251090
APC,20150601,17.43,17.52,17.14,17.42,32490
APC,20150529,17.52,17.52,17.04,17.14,38090
APC,20150528,16.67,17.71,16.67,17.42,243610
APC,20150527,16.85,16.85,16.56,16.57,77850
APC,20150526,17.05,17.14,16.76,16.85,24800
APC,20150525,16.66,17.33,16.66,16.95,139080
APC,20150522,16.00,17.14,15.81,16.66,127800
APC,20150521,16.19,16.48,16.10,16.19,59100
APC,20150520,15.90,16.19,15.90,16.00,55260
APC,20150519,15.33,16.00,15.33,16.00,43640
APC,20150518,15.81,16.29,15.81,15.90,8710
APC,20150515,16.19,16.38,16.19,16.19,145210
APC,20150514,16.09,16.38,16.09,16.19,18620
APC,20150513,16.19,16.28,15.90,16.28,16240
APC,20150512,15.90,16.08,15.81,15.90,31100
APC,20150511,15.81,16.36,15.72,15.90,44690
APC,20150508,16.08,16.08,15.71,15.90,16020
APC,20150507,15.63,16.09,15.63,15.99,30560
APC,20150506,15.72,15.72,15.63,15.72,37000
APC,20150505,15.07,16.00,14.89,15.81,21500
APC,20150504,15.99,15.99,15.53,15.72,96070
APC,20150427,16.00,16.18,16.00,15.99,37550
APC,20150424,15.90,16.27,15.81,16.18,39420
APC,20150423,15.90,15.90,15.72,15.72,29310
APC,20150422,15.71,15.90,15.62,15.90,54800
APC,20150421,15.99,15.99,15.62,15.62,49760
APC,20150420,15.90,16.00,15.72,15.99,53240
APC,20150417,16.27,16.27,15.71,16.18,107890
APC,20150416,16.18,16.37,16.18,16.36,23420
APC,20150415,16.37,16.55,16.18,16.46,32160
APC,20150414,16.09,17.01,16.09,16.55,75410
APC,20150413,16.09,16.09,15.81,16.09,17240
APC,20150410,16.09,16.09,15.63,16.09,24430
APC,20150409,16.09,16.09,15.81,16.09,11440
APC,20150408,15.90,16.18,15.81,16.18,5730
APC,20150407,16.09,16.18,15.72,15.90,21400
APC,20150406,15.81,16.09,15.81,15.81,8160
APC,20150403,16.18,16.18,15.72,16.09,10920
APC,20150402,15.62,16.08,15.62,16.09,7890
APC,20150401,15.90,15.99,15.62,15.62,25500
APC,20150331,15.81,15.99,15.81,15.90,6600
APC,20150330,15.90,16.18,15.81,15.81,27750
APC,20150327,16.46,16.55,16.18,16.18,40510
APC,20150326,16.46,16.64,16.37,16.46,14500
APC,20150325,16.83,16.83,16.46,16.46,39750
APC,20150324,16.64,16.82,16.36,16.83,47050
APC,20150323,16.83,17.01,16.64,16.64,54130
APC,20150320,16.92,17.01,16.82,17.01,13860
APC,20150319,17.10,17.10,16.64,17.10,26720
APC,20150318,17.11,17.20,16.92,16.92,26860
APC,20150317,17.20,17.29,17.11,17.29,24990
APC,20150316,17.38,17.38,16.83,17.29,93690
APC,20150313,17.48,17.48,16.92,17.01,58160
APC,20150312,17.02,17.20,16.92,17.20,35600
APC,20150311,17.20,17.48,16.83,17.20,61250
APC,20150310,17.01,17.38,16.92,17.20,25080
APC,20150309,17.48,17.75,17.20,17.29,94520
APC,20150306,17.84,18.03,17.66,17.66,79810
APC,20150305,17.10,17.93,17.10,17.66,219180
APC,20150304,16.73,17.10,16.64,17.01,83220
APC,20150303,16.55,16.73,16.55,16.73,19020
APC,20150302,16.74,16.74,16.46,16.55,4660
APC,20150227,16.92,16.92,16.65,16.83,9530
APC,20150226,16.46,17.10,16.46,16.83,26040
APC,20150225,16.92,16.92,16.55,16.55,11470
APC,20150224,16.83,17.01,16.46,16.83,4570
APC,20150213,16.64,17.29,16.64,16.83,86550
APC,20150212,16.73,16.73,16.46,16.64,38750
APC,20150211,16.18,16.64,16.18,16.64,15960
APC,20150210,16.09,16.36,16.09,16.09,14080
APC,20150209,15.99,16.36,15.99,16.18,19910
APC,20150206,16.27,16.45,16.27,16.36,12500
APC,20150205,16.64,16.64,16.27,16.36,21310
APC,20150204,16.64,16.64,16.18,16.64,17400
APC,20150203,16.83,16.92,16.46,16.46,70310
APC,20150202,16.74,17.01,16.74,16.92,25890
APC,20150130,16.92,16.92,16.45,16.83,126730
APC,20150129,17.47,17.47,16.83,17.10,75820
APC,20150128,17.20,17.66,17.20,17.38,32640
APC,20150127,17.93,17.93,17.10,17.66,101230
APC,20150126,16.73,17.47,16.73,17.47,256700
APC,20150123,16.55,16.64,16.37,16.36,31220
APC,20150122,16.55,16.55,16.46,16.46,1510
APC,20150121,16.64,16.64,16.46,16.64,16970
APC,20150120,16.27,16.45,16.18,16.46,9170
APC,20150119,16.36,16.64,16.27,16.27,54980
APC,20150116,16.46,16.92,16.46,16.64,64460
APC,20150115,16.09,16.55,16.00,16.55,13620
APC,20150114,16.18,16.54,16.08,16.46,25450
APC,20150113,16.27,16.45,15.99,16.36,29920
APC,20150112,16.46,16.46,15.90,16.27,44710
APC,20150109,16.64,16.74,16.37,16.64,43430
APC,20150108,16.64,16.82,16.27,16.46,62910
APC,20150107,17.11,17.11,16.28,16.64,76590
APC,20150106,15.90,16.82,15.90,16.83,126010
APC,20150105,16.45,16.55,15.99,16.27,43490
APC,20141231,15.53,16.27,15.53,16.27,88700
APC,20141230,15.53,15.53,14.89,15.53,69350
APC,20141229,15.44,16.64,15.26,15.35,53290
APC,20141226,16.64,16.64,16.08,16.09,38650
APC,20141225,16.73,16.73,16.18,16.73,34600
APC,20141224,16.73,16.73,16.55,16.73,27860
APC,20141223,16.83,16.83,16.28,16.55,31040
APC,20141222,16.27,16.82,15.81,16.83,95570
APC,20141219,17.11,17.20,16.28,16.27,116880
APC,20141218,17.38,17.65,17.19,17.20,88910
APC,20141217,18.11,18.11,16.73,17.47,166880
APC,20141216,17.93,18.30,17.38,17.93,159350
APC,20141215,17.93,19.04,17.65,18.30,105520
APC,20141212,18.21,18.31,17.66,17.93,95580
APC,20141211,17.47,18.31,17.47,18.03,69840
APC,20141210,18.21,18.49,17.20,18.49,84110
APC,20141209,18.95,18.95,17.66,17.66,265430
APC,20141208,19.69,19.69,18.86,18.95,161720
APC,20141205,19.32,19.78,19.04,19.41,183790
APC,20141204,19.14,19.97,19.05,19.04,96330
APC,20141203,20.24,20.61,19.23,19.23,164350
APC,20141202,19.32,20.61,18.49,20.52,531040
APC,20141201,19.32,19.32,19.32,19.32,144690
APC,20141128,17.56,18.12,17.47,18.12,304530
APC,20141127,16.64,17.48,16.46,17.01,240000
APC,20141126,16.73,16.73,15.99,16.46,103140
APC,20141125,16.92,16.92,16.55,16.73,29220
APC,20141124,17.10,17.19,16.55,16.55,61560
APC,20141121,16.36,17.47,16.36,17.10,191380
APC,20141120,16.36,16.54,16.27,16.36,34680
APC,20141119,16.36,16.45,16.36,16.36,58110
APC,20141118,16.36,16.45,16.18,16.36,141610
APC,20141117,16.45,16.45,16.09,16.27,55710
APC,20141114,15.90,16.45,15.90,16.27,89130
APC,20141113,15.90,16.64,15.81,16.36,91640
APC,20141112,16.09,16.09,15.91,15.90,38980
APC,20141111,15.90,16.27,15.81,16.09,68680
APC,20141110,16.00,16.36,16.00,15.99,42500
APC,20141107,16.27,16.36,16.18,16.18,21900
APC,20141106,17.01,17.01,16.37,16.36,28930
APC,20141105,16.64,16.92,15.99,16.46,252210
APC,20141104,16.09,16.92,16.09,16.64,179080
APC,20141103,16.09,16.46,16.09,16.09,47960
APC,20141031,15.71,16.64,15.71,16.46,109590
APC,20141030,15.90,15.90,15.62,15.62,71400
APC,20141029,15.71,15.90,15.71,15.90,118720
APC,20141028,15.35,15.71,15.25,15.62,54230
APC,20141027,15.71,15.71,15.34,15.53,112650
APC,20141024,15.71,15.99,15.62,15.99,96960
APC,20141023,16.18,16.27,15.72,15.99,81800
APC,20141022,15.90,16.18,15.81,16.18,41870
APC,20141021,15.44,16.09,15.26,15.90,160820
APC,20141020,15.53,15.62,15.44,15.44,61330
APC,20141017,15.53,15.53,14.98,15.53,123240
APC,20141016,16.46,16.46,15.35,15.53,170530
APC,20141015,16.27,16.45,15.72,16.46,105000
APC,20141014,17.57,17.57,16.27,16.27,101140
APC,20141013,17.20,17.57,16.83,17.29,79810
APC,20141010,17.57,17.75,17.11,17.29,208900
APC,20141009,18.49,18.68,17.57,17.66,165050
APC,20141008,18.76,18.86,18.21,18.40,192060
APC,20141007,17.47,18.21,17.47,18.21,550090
APC,20141006,17.20,17.47,16.73,17.10,281790
APC,20141003,17.84,18.03,17.19,17.38,361390
APC,20141002,16.08,17.01,15.99,17.01,294700
APC,20141001,15.71,15.90,15.34,15.90,180000
APC,20140930,15.16,15.62,15.16,15.25,156400
APC,20140929,14.97,15.43,14.97,15.25,204820
APC,20140926,15.25,15.44,14.88,15.25,102760
APC,20140925,15.90,15.90,14.88,15.53,75380
APC,20140924,14.06,15.16,13.78,15.16,222620
APC,20140923,15.25,15.25,14.23,14.24,336310
APC,20140922,16.64,16.64,15.25,15.25,71480
APC,20140919,16.64,16.64,15.71,16.36,63460
APC,20140918,17.38,17.38,15.99,15.99,886470
APC,20140917,16.27,16.27,16.27,16.27,108430
APC,20140916,15.25,15.25,15.25,15.25,70800
APC,20140915,14.32,14.32,14.32,14.33,288930
APC,20140912,13.13,13.68,12.94,13.40,1818200
APC,20140911,12.58,13.13,12.58,12.85,192240
APC,20140910,12.58,12.67,12.48,12.67,8180
APC,20140909,12.57,12.75,12.48,12.76,14870
APC,20140908,12.20,12.66,12.20,12.57,32530
APC,20140905,12.67,12.67,12.02,12.11,90620
APC,20140904,12.30,12.76,12.30,12.76,24650
APC,20140903,12.39,13.04,12.39,13.04,12060
APC,20140829,13.13,13.13,13.13,13.13,620
APC,20140828,12.75,13.03,12.75,13.04,211140
APC,20140827,12.48,12.48,12.02,12.20,164910
APC,20140826,12.11,12.11,12.02,12.02,2600
APC,20140825,11.93,12.02,11.93,12.02,170
APC,20140822,12.11,12.76,11.93,11.93,3280
APC,20140821,11.84,12.76,11.84,12.76,1010
APC,20140820,12.11,12.11,12.02,12.02,610
APC,20140819,12.48,12.48,12.20,12.39,9330
APC,20140818,12.11,12.11,12.11,12.11,130
APC,20140815,12.76,12.76,12.76,12.76,15060
APC,20140814,12.85,12.85,12.85,12.85,120
APC,20140813,12.85,12.85,12.85,12.85,150
APC,20140812,13.13,13.13,12.85,12.85,11730
APC,20140811,13.13,13.13,13.13,13.13,200
APC,20140807,13.59,13.68,13.59,13.68,50
APC,20140806,13.59,13.59,13.59,13.59,20220
APC,20140805,13.29,13.29,12.94,13.04,350
APC,20140804,12.95,13.29,12.95,13.29,8020
APC,20140801,13.12,13.12,13.12,13.12,10
APC,20140731,12.94,12.94,12.94,12.95,2000
APC,20140730,12.94,13.29,12.94,13.29,2050
APC,20140729,12.94,13.29,12.94,13.29,20
APC,20140728,13.30,13.30,13.30,13.29,10
APC,20140725,12.94,13.20,12.94,12.95,6520
APC,20140724,12.69,13.30,12.69,13.29,2340
APC,20140723,12.51,13.20,12.51,13.21,220
APC,20140722,12.35,13.30,12.35,13.29,20
APC,20140721,13.21,13.21,13.21,13.21,10
APC,20140717,12.52,12.87,12.52,12.86,310
APC,20140716,12.78,12.78,12.78,12.78,40
APC,20140715,12.77,12.94,12.77,12.78,1350
APC,20140714,12.18,13.30,12.18,13.29,1780
APC,20140711,13.04,13.04,13.04,13.04,10
APC,20140710,12.60,12.94,12.60,12.95,2020
APC,20140709,12.43,13.29,12.43,13.29,20
APC,20140707,12.94,13.29,12.94,13.29,210
APC,20140704,12.51,13.29,12.51,13.29,20
APC,20140703,12.52,13.29,12.52,13.29,710
APC,20140630,13.38,13.38,13.38,13.38,100
APC,20140627,13.21,13.38,12.78,12.78,510
APC,20140626,13.55,13.55,12.69,12.69,20
APC,20140625,12.69,12.69,12.69,12.69,10
APC,20140624,13.47,13.47,13.47,13.47,10
APC,20140623,12.95,13.38,12.95,13.38,370
APC,20140619,12.95,13.38,12.95,13.38,60
APC,20140618,12.43,13.73,12.43,13.73,970
APC,20140617,12.52,12.95,12.52,12.95,60
APC,20140613,12.95,12.95,12.95,12.95,20
APC,20140611,13.21,13.21,13.21,13.21,10
APC,20140610,13.55,13.55,12.69,12.69,1020
APC,20140609,12.95,12.95,12.69,12.69,230
APC,20140606,12.52,13.03,12.34,13.04,1010
APC,20140603,12.69,13.12,12.69,13.12,200
APC,20140602,13.12,13.12,13.12,13.12,10
APC,20140530,12.95,12.95,12.61,12.95,1270
APC,20140529,13.30,13.30,12.52,12.52,130
APC,20140528,12.86,12.95,12.09,12.95,6800
APC,20140527,12.86,12.95,12.78,12.95,6650
APC,20140526,12.52,12.87,12.52,12.69,25920
APC,20140523,12.60,12.60,12.51,12.52,10000
APC,20140522,12.60,12.60,12.51,12.60,7180
APC,20140521,12.26,12.69,12.26,12.60,2930
APC,20140520,12.18,12.52,12.18,12.52,2100
APC,20140519,12.09,12.09,12.09,12.09,1000
APC,20140516,11.83,11.83,11.83,11.83,2020
APC,20140514,11.74,11.74,11.74,11.74,1000
APC,20140513,12.26,12.26,12.17,12.17,4900
APC,20140512,12.52,12.52,12.43,12.52,17900
APC,20140509,12.18,12.52,12.09,12.52,23900
APC,20140508,12.09,12.09,11.66,12.09,55520
APC,20140507,12.09,12.09,12.09,12.09,2810
APC,20140506,11.31,12.09,11.31,12.09,2620
APC,20140505,12.00,12.08,12.00,12.09,2010
APC,20140424,12.18,12.18,12.18,12.17,10
APC,20140423,11.31,12.09,11.31,12.09,1790
APC,20140422,12.00,12.09,12.00,12.09,1740
APC,20140421,11.65,11.74,11.65,11.74,330
APC,20140417,11.65,11.65,11.65,11.65,160
APC,20140416,11.65,12.00,11.65,12.00,3030
APC,20140415,11.74,11.74,11.74,11.74,3110
APC,20140414,11.83,11.83,11.74,11.74,2100
APC,20140411,11.74,11.74,11.74,11.74,1130
APC,20140410,11.83,11.83,11.74,11.74,110
APC,20140408,11.74,11.74,11.74,11.74,10000
APC,20140407,12.34,12.34,12.08,12.09,20
APC,20140404,11.92,11.92,11.92,11.91,6000
APC,20140403,12.52,12.52,12.52,12.52,10
APC,20140402,11.82,12.00,11.82,11.83,5610
APC,20140401,11.91,11.91,11.91,11.91,100
APC,20140331,12.00,12.00,11.91,11.91,10200
APC,20140328,12.00,12.00,11.91,11.91,8310
APC,20140327,12.00,12.00,12.00,12.00,15720
APC,20140325,12.08,12.08,11.99,12.00,14190
APC,20140324,12.09,12.35,12.00,12.34,35560
APC,20140321,12.08,12.26,12.08,12.09,8930
APC,20140320,12.43,12.43,11.91,12.43,610
APC,20140319,11.91,12.34,11.82,12.34,3020
APC,20140318,11.74,12.34,11.74,11.91,240
APC,20140317,12.08,12.34,12.08,12.34,100
APC,20140314,12.35,12.43,12.35,12.34,7010
APC,20140313,12.52,12.52,12.43,12.52,28200
APC,20140312,12.52,12.52,12.43,12.43,8540
APC,20140311,12.35,12.43,12.26,12.43,19010
APC,20140310,12.43,12.52,12.43,12.52,11840
APC,20140307,12.34,12.43,12.34,12.43,310
APC,20140306,12.35,12.43,12.35,12.34,11300
APC,20140305,12.34,12.51,12.34,12.52,13010
APC,20140304,12.34,12.34,12.34,12.34,1920
APC,20140303,12.35,12.35,12.35,12.34,12580
APC,20140228,12.34,12.52,12.26,12.52,30570
APC,20140227,12.25,12.43,12.25,12.43,5310
APC,20140226,12.35,12.35,12.35,12.34,1000
APC,20140225,12.51,12.51,12.51,12.52,7000
APC,20140220,12.51,12.60,12.34,12.60,4080
APC,20140219,12.86,12.86,12.86,12.86,300
APC,20140218,12.43,12.86,12.34,12.86,840
APC,20140217,12.52,12.52,12.26,12.43,49530
APC,20140214,12.52,12.52,12.52,12.52,1290
APC,20140213,12.52,12.52,12.43,12.43,23010
APC,20140212,12.52,12.61,12.52,12.52,9590
APC,20140211,12.52,13.30,12.52,12.52,7930
APC,20140210,12.52,12.52,12.52,12.52,8650
APC,20140207,12.52,12.52,12.52,12.52,5590
APC,20140127,11.83,12.52,11.83,12.52,30
APC,20140124,12.52,12.52,12.09,12.09,630
APC,20140123,12.00,12.00,12.00,12.00,1000
APC,20140122,11.91,12.08,11.91,12.09,2000
APC,20140121,11.91,11.91,11.91,11.91,10
APC,20140117,11.91,12.17,11.91,12.17,4750
APC,20140115,12.00,12.00,11.91,11.91,2700
APC,20140114,12.08,12.08,12.00,12.00,5290
APC,20140113,11.82,11.91,11.82,11.91,590
APC,20140110,11.92,12.35,11.92,12.34,520
APC,20140108,11.66,12.09,11.66,12.09,50
APC,20140107,11.92,12.09,11.92,12.09,4390
APC,20140106,12.08,12.08,12.08,12.09,10
APC,20140103,11.74,11.91,11.74,11.91,60
APC,20140102,11.74,11.74,11.74,11.74,400
APC,20131231,11.91,11.91,11.74,11.74,8130
APC,20131230,12.00,12.09,12.00,12.00,6330
APC,20131227,12.09,12.09,11.66,12.09,4010
APC,20131226,12.08,12.08,12.08,12.09,6760
APC,20131225,12.09,12.17,12.09,12.17,5710
APC,20131223,11.66,11.66,11.57,11.57,690
APC,20131219,12.26,12.26,12.26,12.26,10
APC,20131218,12.52,12.52,12.52,12.52,10
APC,20131217,12.52,12.52,12.52,12.52,10
APC,20131216,12.52,12.52,12.00,12.00,20
APC,20131213,11.22,12.09,11.22,12.09,120
APC,20131212,11.75,12.18,11.31,11.31,40
APC,20131211,11.39,11.39,11.39,11.40,2600
APC,20131210,12.09,12.09,11.48,11.48,2210
APC,20131209,11.57,11.83,11.57,11.83,2250
APC,20131206,11.49,11.49,11.49,11.48,2010
APC,20131205,11.40,11.66,11.40,11.40,10360
APC,20131204,11.56,11.74,11.30,11.31,110
APC,20131203,11.14,11.66,11.14,11.65,1500
APC,20131202,10.44,11.57,10.44,11.57,1030
APC,20131129,11.14,11.66,11.14,11.22,12000
APC,20131128,11.14,11.14,11.14,11.14,170
APC,20131127,11.14,11.14,11.14,11.14,30
APC,20131126,10.88,10.88,10.88,10.88,1020
APC,20131125,11.12,11.12,10.88,10.88,9970
APC,20131122,10.96,10.96,10.96,10.96,7490
APC,20131121,10.31,10.95,10.31,10.96,12650
APC,20131120,10.96,10.96,10.64,10.63,11060
APC,20131119,10.39,10.96,10.39,10.96,4610
APC,20131118,10.23,10.96,10.23,10.96,7350
APC,20131115,10.55,10.55,10.39,10.39,11510
APC,20131114,10.96,11.12,10.47,10.47,8610
APC,20131113,10.88,10.96,10.88,10.96,8070
APC,20131112,10.47,10.88,10.47,10.47,10410
APC,20131111,10.56,10.80,10.39,10.39,13150
APC,20131108,10.55,10.79,10.55,10.80,27330
APC,20131107,10.39,10.71,10.30,10.71,26530
APC,20131106,10.31,10.72,10.31,10.71,21450
APC,20131105,10.39,10.56,10.07,10.07,20810
APC,20131104,10.64,10.72,10.07,10.07,1450
APC,20131101,9.98,10.79,9.98,10.23,6690
APC,20131031,10.39,10.96,10.39,10.63,6400
APC,20131030,10.39,11.04,10.15,11.04,17020
APC,20131029,10.39,10.39,10.39,10.39,54830
APC,20131028,9.74,9.74,9.66,9.74,7670
APC,20131025,9.33,9.33,9.17,9.17,10020
APC,20131024,9.17,9.17,9.17,9.17,5200
APC,20131023,9.33,9.66,9.17,9.17,12600
APC,20131022,9.33,9.41,9.17,9.17,2620
APC,20131021,9.17,9.25,9.17,9.25,50
APC,20131018,9.17,9.17,9.17,9.17,10
APC,20131017,9.58,9.58,9.58,9.58,10470
APC,20131016,9.33,9.41,9.09,9.42,16900
APC,20131015,9.17,9.17,9.17,9.17,520
APC,20131014,9.17,9.17,9.17,9.17,100
APC,20131011,9.17,9.58,9.17,9.58,12090
APC,20131010,9.09,9.09,9.09,9.09,2000
APC,20131009,9.09,9.09,9.09,9.09,2000
APC,20131008,9.09,9.09,9.09,9.09,2000
APC,20131007,8.93,9.09,8.93,9.09,4500
APC,20131004,8.93,9.50,8.93,9.50,5010
APC,20131003,8.93,8.93,8.93,8.93,4280
APC,20131002,8.93,8.93,8.93,8.93,200
APC,20131001,8.93,8.93,8.93,8.93,10
APC,20130927,8.69,8.93,8.69,8.69,3960
APC,20130926,8.69,8.69,8.69,8.69,230
APC,20130924,8.69,8.69,8.69,8.69,10
APC,20130918,8.11,8.11,8.11,8.12,40
APC,20130913,8.77,8.77,8.53,8.52,20
APC,20130912,8.77,8.77,8.77,8.77,40
APC,20130911,8.52,9.50,8.52,9.42,170
APC,20130910,8.93,9.34,8.93,8.93,120
APC,20130909,9.17,9.58,9.17,9.58,130
APC,20130906,9.17,9.17,9.17,9.17,10
APC,20130905,9.74,9.74,9.74,9.74,80
APC,20130904,9.74,9.74,9.42,9.42,310
APC,20130903,9.98,9.98,9.41,9.42,120
APC,20130830,9.90,9.90,9.33,9.82,6990
APC,20130829,9.83,9.83,9.83,9.82,10
APC,20130828,9.66,9.66,9.42,9.42,6430
APC,20130827,9.58,10.07,9.58,10.07,510
APC,20130826,10.56,10.56,10.07,10.07,30
APC,20130823,9.66,10.15,9.66,10.07,7270
APC,20130822,9.90,9.90,9.58,9.74,9630
APC,20130821,9.74,9.74,9.74,9.74,1740
APC,20130820,9.99,9.99,9.74,9.90,12680
APC,20130819,10.15,10.15,10.15,10.15,1270
APC,20130816,10.15,10.15,9.50,10.15,9130
APC,20130815,9.10,9.74,9.10,9.58,11290
APC,20130814,9.42,9.42,9.42,9.42,11180
APC,20130813,9.41,9.41,9.33,9.42,9300
APC,20130812,9.42,9.42,9.10,9.33,10670
APC,20130809,9.17,9.41,9.17,9.42,110
APC,20130808,9.17,9.17,9.17,9.17,10
APC,20130807,8.85,9.09,8.85,9.09,9050
APC,20130806,8.44,8.85,8.44,8.85,27000
APC,20130805,8.52,8.52,8.36,8.36,660
APC,20130802,8.69,8.69,8.45,8.52,3130
APC,20130801,8.69,8.69,8.69,8.69,500
APC,20130731,8.76,8.76,8.52,8.69,3030
APC,20130729,8.69,8.69,8.53,8.60,2710
APC,20130726,8.52,8.77,8.44,8.77,8760
APC,20130725,8.52,8.52,8.36,8.36,7700
APC,20130724,8.52,8.52,8.36,8.36,19730
APC,20130723,8.52,8.52,8.36,8.36,18240
APC,20130722,8.36,8.52,8.28,8.52,14520
APC,20130719,8.28,8.28,8.28,8.28,1140
APC,20130718,8.28,8.28,8.28,8.28,15630
APC,20130717,8.28,8.28,8.28,8.28,500
APC,20130716,8.28,8.36,8.28,8.36,7710
APC,20130715,8.20,8.20,8.20,8.20,8500
APC,20130712,8.20,8.20,8.20,8.20,10
APC,20130711,8.36,8.44,8.36,8.36,6960
APC,20130710,8.44,8.44,8.27,8.36,4810
APC,20130708,7.95,7.95,7.95,7.95,20
APC,20130705,8.44,8.44,8.36,8.36,13150
APC,20130704,8.28,8.45,7.96,7.95,3050
APC,20130702,7.55,8.04,7.55,8.04,40
APC,20130701,8.28,8.28,7.55,7.55,5010
APC,20130627,8.28,8.28,8.04,8.04,1940
APC,20130626,8.03,8.03,8.03,8.04,700
APC,20130625,8.04,8.04,7.96,7.95,14740
APC,20130624,8.28,8.28,8.12,8.12,270
APC,20130621,8.28,8.28,8.28,8.28,2100
APC,20130620,8.28,8.28,8.28,8.28,3080
APC,20130619,8.28,8.28,8.28,8.28,2000
APC,20130618,8.44,8.44,8.28,8.28,2110
APC,20130617,8.20,8.20,8.20,8.20,5000
APC,20130614,8.28,8.28,8.20,8.20,3170
APC,20130613,8.28,8.36,8.20,8.20,44300
APC,20130612,8.20,8.28,8.20,8.28,610
APC,20130611,8.28,8.28,8.20,8.20,2010
APC,20130610,8.20,8.20,8.20,8.20,3790
APC,20130607,8.20,8.36,8.20,8.20,11210
APC,20130606,8.20,8.44,8.20,8.44,10440
APC,20130605,8.20,8.20,8.20,8.20,7130
APC,20130604,8.20,8.36,8.12,8.12,10100
APC,20130603,8.20,8.36,8.20,8.20,4810
APC,20130531,8.12,8.36,8.12,8.36,490
APC,20130530,8.12,8.12,8.04,8.12,28560
APC,20130529,8.61,8.61,8.12,8.12,9690
APC,20130528,8.36,8.36,8.20,8.20,4090
APC,20130527,8.60,8.60,8.20,8.20,960
APC,20130524,8.20,8.53,8.20,8.52,2070
APC,20130523,8.28,8.44,8.12,8.12,5440
APC,20130522,8.36,8.44,8.20,8.20,12810
APC,20130521,8.60,8.60,8.28,8.28,4970
APC,20130520,8.44,8.44,8.44,8.44,1400
APC,20130517,8.28,8.44,8.28,8.36,5210
APC,20130516,8.36,8.36,8.28,8.28,252220
APC,20130515,8.12,8.28,8.12,8.20,39190
APC,20130514,8.28,8.44,8.20,8.28,44630
APC,20130513,8.04,8.12,8.04,8.12,3510
APC,20130510,8.20,8.20,8.04,8.04,8770
APC,20130509,8.04,8.12,8.04,8.04,14560
APC,20130508,8.12,8.20,8.04,8.04,35690
APC,20130507,8.12,8.20,8.04,8.20,17260
APC,20130506,8.04,8.20,8.04,8.12,48370
APC,20130503,8.04,8.20,8.04,8.12,10970
APC,20130502,8.04,8.28,8.04,8.28,110
APC,20130426,8.04,8.04,8.04,8.04,2100
APC,20130425,8.04,8.12,8.04,8.12,2760
APC,20130424,8.12,8.12,8.12,8.12,1600
APC,20130423,7.95,8.11,7.95,8.12,3000
APC,20130422,8.12,8.12,7.96,7.95,400
APC,20130418,8.12,8.20,7.96,8.20,290
APC,20130416,7.96,8.28,7.96,8.28,610
APC,20130415,8.04,8.04,8.04,8.04,10
APC,20130412,8.28,8.36,8.28,8.36,12010
APC,20130411,7.96,8.36,7.96,8.36,690
APC,20130410,8.28,8.28,8.28,8.28,1500
APC,20130409,8.20,8.28,8.20,8.28,3630
APC,20130408,8.12,8.28,8.12,8.28,10280
APC,20130405,8.28,8.44,8.12,8.28,140
APC,20130404,8.28,8.28,8.28,8.28,110
APC,20130403,8.36,8.44,8.12,8.12,2040
APC,20130402,8.36,8.36,8.36,8.36,210
APC,20130401,7.80,8.36,7.80,8.36,6930
APC,20130329,7.71,8.11,7.71,8.12,610
APC,20130328,8.12,8.28,7.96,7.95,4400
APC,20130327,8.12,8.12,8.12,8.12,10
APC,20130326,7.96,8.12,7.96,8.12,70
APC,20130325,8.12,8.20,8.04,8.12,1130
APC,20130322,8.36,8.36,8.12,8.20,4040
APC,20130321,8.28,8.36,8.28,8.28,650
APC,20130320,8.28,8.28,7.96,8.28,4730
APC,20130319,8.28,8.28,8.28,8.28,10
APC,20130318,8.36,8.36,8.36,8.36,70
APC,20130315,8.20,8.20,8.12,8.20,4060
APC,20130314,8.36,8.36,8.36,8.36,20
APC,20130313,8.36,8.36,8.12,8.20,6210
APC,20130312,8.28,8.28,8.28,8.28,30
APC,20130311,7.88,8.44,7.88,8.12,2800
APC,20130308,8.20,8.20,8.12,8.20,1030
APC,20130307,8.12,8.28,8.12,8.28,2060
APC,20130306,8.20,8.20,8.12,8.12,6060
APC,20130305,8.20,8.20,8.12,8.12,630
APC,20130304,8.28,8.28,8.04,8.04,5140
APC,20130301,8.28,8.28,8.28,8.28,40
APC,20130228,8.44,8.44,8.28,8.28,40
APC,20130227,8.19,8.28,8.19,8.28,20
APC,20130226,8.12,8.44,7.87,7.87,1150
APC,20130225,8.20,8.44,8.20,8.36,710
APC,20130222,8.44,8.60,8.44,8.44,2690
APC,20130221,8.28,8.60,8.20,8.44,14390
APC,20130220,8.52,8.52,8.28,8.28,2660
APC,20130219,8.28,8.60,8.11,8.60,7350
APC,20130218,8.28,8.60,8.28,8.60,4460
APC,20130208,8.60,8.60,8.60,8.60,10
APC,20130207,8.60,8.60,8.52,8.60,760
APC,20130206,8.60,8.60,8.60,8.60,10
APC,20130205,8.68,8.68,8.52,8.60,50
APC,20130204,8.44,8.60,8.44,8.60,2850
APC,20130201,8.44,8.44,8.36,8.36,7010
APC,20130131,8.44,8.44,8.44,8.44,11010
APC,20130130,8.44,8.60,8.44,8.52,6000
APC,20130129,8.60,8.60,8.44,8.52,1420
APC,20130128,8.60,8.60,8.44,8.60,6940
APC,20130125,8.68,8.77,8.36,8.36,2670
APC,20130124,8.36,8.68,8.36,8.36,22270
APC,20130123,8.69,8.69,8.53,8.60,710
APC,20130122,8.85,8.85,8.45,8.69,4970
APC,20130121,8.60,8.68,8.60,8.69,3940
APC,20130118,8.44,8.60,8.44,8.60,3180
APC,20130117,8.60,8.60,8.28,8.44,1900
APC,20130116,8.68,8.68,8.44,8.60,8280
APC,20130115,8.60,8.60,8.60,8.60,1520
APC,20130114,8.69,8.69,8.61,8.60,220
APC,20130111,8.45,8.69,8.45,8.69,1140
APC,20130110,8.36,8.68,8.36,8.69,2720
APC,20130109,8.44,8.52,8.36,8.36,33150
APC,20130108,8.44,8.52,8.44,8.44,2960
APC,20130107,8.44,8.52,8.44,8.44,640
APC,20130104,8.44,8.60,8.28,8.44,28790
APC,20130103,8.53,8.69,8.45,8.52,6450
APC,20130102,8.69,8.69,8.44,8.69,1360
APC,20121228,8.44,8.60,8.28,8.28,73020
APC,20121227,8.52,8.69,8.44,8.44,27300
APC,20121226,8.11,8.44,8.11,8.28,9170
APC,20121225,8.52,8.52,8.52,8.52,10
APC,20121224,8.20,8.44,8.20,8.44,30
APC,20121221,8.28,8.44,8.20,8.44,90
APC,20121220,8.53,8.53,8.45,8.44,1090
APC,20121219,8.28,8.69,8.28,8.69,3700
APC,20121218,8.28,8.28,8.04,8.28,800
APC,20121217,8.12,8.28,7.96,8.28,4120
APC,20121214,8.11,8.27,8.11,8.12,1430
APC,20121213,7.95,8.03,7.95,7.95,7420
APC,20121212,7.71,8.03,7.71,7.79,2210
APC,20121211,8.03,8.03,7.87,7.87,1590
APC,20121210,7.71,7.95,7.71,7.95,5650
APC,20121207,7.79,7.79,7.71,7.71,510
APC,20121206,7.95,7.95,7.79,7.79,2580
APC,20121205,7.87,7.95,7.87,7.87,1240
APC,20121204,7.79,7.79,7.79,7.79,1400
APC,20121203,7.63,7.63,7.63,7.63,1000
APC,20121130,7.80,7.80,7.72,7.71,3820
APC,20121129,7.63,8.03,7.63,8.04,80
APC,20121128,8.04,8.04,7.80,7.79,270
APC,20121126,7.71,8.11,7.71,8.12,100
APC,20121123,7.96,8.04,7.96,7.95,4050
APC,20121122,8.12,8.20,7.96,8.20,1220
APC,20121121,8.20,8.20,7.96,8.20,8280
APC,20121119,7.88,8.20,7.80,8.20,7100
APC,20121116,7.96,8.12,7.88,8.04,32300
APC,20121115,7.87,8.11,7.87,8.12,28600
APC,20121114,7.87,8.03,7.87,7.87,5120
APC,20121113,7.79,8.11,7.71,7.87,4010
APC,20121112,7.96,8.12,7.72,7.79,3820
APC,20121109,8.04,8.53,8.04,8.04,6110
APC,20121108,8.12,8.12,8.12,8.12,4900
APC,20121107,8.11,8.11,7.47,8.12,1702600
APC,20121106,8.12,8.12,7.71,7.79,219000
APC,20121105,8.52,8.52,8.11,8.12,152730
APC,20121102,8.36,8.52,8.36,8.52,10340
APC,20121101,8.44,8.60,8.28,8.60,19010
APC,20121031,8.36,8.60,8.36,8.60,4220
APC,20121030,8.28,8.36,8.28,8.36,2740
APC,20121029,8.52,8.69,8.28,8.28,8310
APC,20121026,8.44,8.60,8.28,8.28,260
APC,20121025,8.12,8.28,8.12,8.28,12010
APC,20121024,8.44,8.44,8.44,8.44,1060
APC,20121023,8.28,8.52,8.28,8.52,270
APC,20121022,8.20,8.44,8.20,8.44,2000
APC,20121019,8.20,8.28,8.20,8.20,2290
APC,20121018,8.53,8.69,8.28,8.36,14540
APC,20121017,8.28,8.68,8.28,8.69,1570
APC,20121016,8.20,8.52,8.20,8.52,90
APC,20121015,8.36,8.36,8.20,8.20,16120
APC,20121012,8.52,8.61,8.52,8.52,17620
APC,20121011,8.53,8.93,8.53,8.93,30
APC,20121010,8.52,8.69,8.36,8.69,56340
APC,20121009,8.44,8.44,8.28,8.28,910
APC,20121008,8.36,8.36,8.20,8.20,2130
APC,20121005,8.04,8.36,8.04,8.12,40
APC,20121004,8.12,8.36,8.12,8.12,2320
APC,20121003,8.53,8.53,8.04,8.04,6800
APC,20121002,8.20,8.20,8.04,8.12,7710
APC,20121001,8.28,8.28,7.87,8.20,45640
APC,20120928,8.28,8.28,8.28,8.28,1340
APC,20120927,8.28,8.28,8.28,8.28,21360
APC,20120926,8.36,8.36,8.12,8.28,510
APC,20120925,8.52,8.52,8.11,8.12,77110
APC,20120924,8.85,8.93,8.52,8.52,75850
APC,20120921,8.93,8.93,8.85,8.93,32800
APC,20120920,8.85,9.17,8.77,9.09,13240
APC,20120919,9.01,9.09,8.85,8.85,9450
APC,20120918,9.17,9.17,8.85,8.85,27020
APC,20120917,9.17,9.17,9.17,9.17,4000
APC,20120914,9.17,9.25,9.17,9.25,7530
APC,20120913,9.17,9.17,9.09,9.09,5010
APC,20120912,9.17,9.17,9.09,9.09,6970
APC,20120911,9.17,9.17,9.09,9.09,26900
APC,20120910,8.93,9.17,8.93,9.17,20160
APC,20120907,9.17,9.25,9.09,9.09,50520
APC,20120906,9.17,9.41,9.17,9.17,30750
APC,20120905,9.33,9.33,9.09,9.09,2990
APC,20120904,9.74,9.74,9.33,9.33,21030
APC,20120831,9.34,9.34,9.34,9.33,3830
APC,20120830,9.42,9.58,9.42,9.42,6010
APC,20120829,9.25,9.50,9.25,9.42,46260
APC,20120828,9.17,9.17,9.09,9.09,4590
APC,20120827,9.09,9.25,8.93,9.17,26650
APC,20120824,9.01,9.58,9.01,9.25,43180
APC,20120823,9.42,9.50,9.10,9.17,132760
APC,20120822,9.26,9.50,9.26,9.42,20730
APC,20120821,9.74,9.74,9.41,9.42,166250
APC,20120820,9.90,10.06,9.74,9.90,11900
APC,20120817,9.74,9.90,9.74,9.90,22910
APC,20120816,9.90,9.90,9.82,9.82,40600
APC,20120815,9.99,9.99,9.83,9.82,24920
APC,20120814,9.90,10.06,9.90,10.07,7360
APC,20120813,9.90,9.90,9.82,9.90,6230
APC,20120810,9.90,9.98,9.90,9.90,33870
APC,20120809,9.91,10.07,9.91,9.98,33310
APC,20120808,9.98,10.06,9.90,10.07,32960
APC,20120807,9.98,9.98,9.90,9.98,2070
APC,20120806,9.82,9.98,9.58,9.98,21290
APC,20120803,9.58,9.90,9.58,9.90,13460
APC,20120802,9.74,9.90,9.74,9.90,8080
APC,20120801,9.74,9.74,9.66,9.74,11730
APC,20120731,9.74,9.74,9.66,9.74,22370
APC,20120730,9.66,9.74,9.42,9.58,29690
APC,20120727,9.58,9.90,9.50,9.58,22920
APC,20120726,9.42,9.74,9.42,9.58,54680
APC,20120725,9.17,9.42,9.17,9.42,23400
APC,20120724,9.09,9.41,9.01,9.01,33770
APC,20120723,8.44,9.17,8.44,9.09,6100
APC,20120720,9.09,9.26,8.85,8.85,16760
APC,20120719,8.68,8.85,8.52,8.85,28300
APC,20120718,8.52,8.60,8.44,8.44,30400
APC,20120717,8.44,8.60,8.44,8.52,17840
APC,20120716,8.52,8.84,8.36,8.44,17850
APC,20120713,8.52,8.61,8.28,8.60,17970
APC,20120712,8.12,8.44,8.12,8.20,25950
APC,20120711,8.12,8.44,8.12,8.12,34490
APC,20120710,8.12,8.60,8.12,8.12,43320
APC,20120709,8.69,8.69,8.36,8.36,14420
APC,20120706,8.61,8.85,8.61,8.77,8730
APC,20120705,8.69,8.69,8.61,8.69,41660
APC,20120704,8.69,8.77,8.69,8.69,2740
APC,20120703,8.77,8.93,8.69,8.69,52270
APC,20120702,9.09,9.09,8.85,8.85,20960
APC,20120629,9.33,9.33,9.09,9.17,8380
APC,20120628,9.33,9.33,9.01,9.09,18800
APC,20120627,9.33,9.65,9.25,9.33,11130
APC,20120626,9.42,9.58,9.33,9.33,11080
APC,20120625,9.74,9.74,9.50,9.74,8290
APC,20120622,9.66,9.74,9.66,9.66,29730
APC,20120621,9.74,9.74,9.66,9.66,10970
APC,20120620,9.50,9.74,9.50,9.74,13250
APC,20120619,9.50,9.74,9.34,9.50,37340
APC,20120618,9.74,9.90,9.34,9.50,21540
APC,20120615,9.58,9.98,9.58,9.58,13280
APC,20120614,9.74,9.82,9.66,9.66,13080
APC,20120613,9.74,9.74,9.74,9.74,5250
APC,20120612,10.23,10.23,9.99,9.98,11660
APC,20120611,10.31,10.31,10.15,10.31,11610
APC,20120608,10.47,10.47,10.15,10.23,23650
APC,20120607,10.23,10.39,10.15,10.23,24130
APC,20120606,10.15,10.23,9.82,10.15,4420
APC,20120605,9.65,9.74,9.41,9.74,26940
APC,20120604,9.42,9.74,9.25,9.33,29550
APC,20120601,10.31,10.31,9.74,9.74,37660
APC,20120531,10.63,10.63,10.14,10.23,38740
APC,20120530,10.79,10.79,10.31,10.63,1510
APC,20120529,11.04,11.04,10.55,10.55,20700
APC,20120528,11.12,11.12,10.80,11.04,3220
APC,20120525,10.88,11.21,10.80,11.12,35380
APC,20120524,10.64,10.80,10.31,10.80,48220
APC,20120523,10.96,11.12,10.79,10.80,25810
APC,20120522,11.36,11.44,11.20,11.28,5720
APC,20120521,10.48,11.29,10.39,11.28,43120
APC,20120518,11.28,11.28,10.79,10.80,80900
APC,20120517,11.36,11.77,11.28,11.28,48550
APC,20120516,11.77,12.10,11.28,11.36,37060
APC,20120515,12.18,12.26,11.69,11.69,91100
APC,20120514,12.83,12.83,12.26,12.26,70410
APC,20120511,13.15,13.31,12.74,12.83,172400
APC,20120510,12.34,12.75,12.34,12.74,94730
APC,20120509,12.34,12.34,12.18,12.18,83980
APC,20120508,12.58,12.58,12.34,12.34,83270
APC,20120507,12.10,12.66,12.10,12.50,77230
APC,20120504,12.34,12.50,12.18,12.34,118980
APC,20120503,12.58,12.58,12.01,12.42,23600
APC,20120502,12.01,12.58,11.85,12.58,160600
APC,20120427,12.02,12.26,11.77,12.01,158640
APC,20120426,12.66,12.66,12.25,12.26,63880
APC,20120425,12.91,13.40,12.75,12.74,61670
APC,20120424,12.50,12.91,12.34,12.91,50390
APC,20120423,12.25,12.50,12.25,12.50,163350
APC,20120420,11.61,11.93,11.61,11.93,11840
APC,20120419,12.01,12.01,11.69,11.77,25690
APC,20120418,12.02,12.26,12.02,12.01,16330
APC,20120417,11.85,12.42,11.85,12.34,35350
APC,20120416,11.77,12.26,11.77,11.93,78500
APC,20120413,11.85,11.93,11.77,11.85,69940
APC,20120412,11.53,12.10,11.53,11.85,57550
APC,20120411,11.44,11.60,11.36,11.53,30340
APC,20120410,11.60,11.69,11.28,11.28,20750
APC,20120409,11.45,11.53,11.21,11.28,47170
APC,20120406,11.61,11.69,11.53,11.53,25930
APC,20120405,11.61,11.69,11.61,11.61,15290
APC,20120404,11.69,11.69,11.61,11.69,18440
APC,20120403,11.77,11.85,11.69,11.69,2020
APC,20120330,11.69,11.85,11.61,11.69,19590
APC,20120329,11.69,11.77,11.53,11.77,21560
APC,20120328,11.69,11.93,11.61,11.69,37250
APC,20120327,11.69,11.93,11.69,11.69,79470
APC,20120326,11.85,11.93,11.69,11.85,22930
APC,20120323,12.01,12.17,12.01,12.01,65290
APC,20120322,11.93,12.09,11.93,12.01,33720
APC,20120321,11.77,12.01,11.69,11.93,100140
APC,20120320,11.53,11.77,11.45,11.69,52290
APC,20120319,11.45,11.69,11.28,11.53,51490
APC,20120316,11.69,11.94,11.69,11.69,38890
APC,20120315,11.37,11.44,11.29,11.45,29100
APC,20120314,11.29,11.45,11.29,11.29,29610
APC,20120313,11.29,11.67,11.29,11.37,45540
APC,20120312,11.37,11.83,11.37,11.37,34580
APC,20120309,11.37,11.60,11.37,11.45,64710
APC,20120308,12.13,12.13,11.67,11.75,44810
APC,20120307,11.98,12.43,11.90,12.28,103470
APC,20120306,12.43,12.51,11.90,12.13,45440
APC,20120305,11.98,12.43,11.98,12.43,197610
APC,20120302,11.45,11.90,11.45,11.90,30770
APC,20120301,12.12,12.12,11.52,11.60,33180
APC,20120229,11.90,12.05,11.82,11.82,23750
APC,20120228,12.13,12.13,11.90,11.90,20900
APC,20120227,12.13,12.21,12.13,12.13,36720
APC,20120224,12.20,12.20,11.82,12.13,50380
APC,20120223,12.36,12.36,11.83,12.20,50670
APC,20120222,12.12,12.35,11.75,12.36,21190
APC,20120221,12.35,12.35,11.74,12.20,35710
APC,20120220,11.82,11.82,11.82,11.82,43290
APC,20120217,11.67,12.12,11.29,11.29,49480
APC,20120216,12.05,12.43,11.67,11.67,16550
APC,20120215,12.51,12.74,12.28,12.28,13980
APC,20120214,12.81,12.89,12.51,12.89,3750
APC,20120213,12.51,12.81,12.51,12.51,13730
APC,20120210,12.89,13.19,12.81,12.81,4040
APC,20120209,12.96,13.34,12.89,13.19,45320
APC,20120208,13.27,13.42,12.89,13.19,12710
APC,20120207,12.73,13.42,12.51,13.42,98470
APC,20120206,12.28,12.81,12.13,12.81,33020
APC,20120203,12.06,12.51,11.90,12.43,285130
APC,20120202,11.83,12.06,11.83,11.98,35520
APC,20120201,11.98,11.98,11.75,11.98,95870
APC,20120131,12.13,12.51,11.98,11.98,13210
APC,20120130,11.60,12.13,11.60,12.13,159530
APC,20120120,11.60,11.60,11.52,11.60,420
APC,20120119,11.44,11.60,11.44,11.60,9480
APC,20120118,11.52,11.52,11.29,11.52,14220
APC,20120117,11.30,11.52,11.30,11.52,100
APC,20120116,11.37,11.37,11.22,11.22,11410
APC,20120113,11.29,11.37,11.21,11.37,1590
APC,20120112,11.37,11.37,11.29,11.29,9100
APC,20120111,11.37,11.44,11.37,11.37,21330
APC,20120110,11.06,11.37,11.06,11.29,5450
APC,20120109,11.52,11.52,11.30,11.29,5150
APC,20120106,10.91,11.22,10.91,11.22,16890
APC,20120105,10.99,10.99,10.91,10.99,1690
APC,20120104,10.91,10.99,10.91,10.99,11240
APC,20120103,10.76,10.99,10.76,10.99,7520
APC,20111230,10.61,10.99,10.61,10.99,39820
APC,20111229,10.68,10.76,10.61,10.61,20650
APC,20111228,10.76,10.91,10.76,10.76,930
APC,20111227,10.61,10.76,10.61,10.76,82310
APC,20111226,10.84,10.84,10.61,10.76,37690
APC,20111223,11.14,11.14,10.61,10.99,12560
APC,20111222,10.99,11.14,10.61,11.14,33530
APC,20111221,10.84,10.99,10.69,10.99,12080
APC,20111220,10.84,10.84,10.84,10.84,2130
APC,20111219,10.61,10.83,10.46,10.61,16270
APC,20111216,11.07,11.07,10.91,10.91,5920
APC,20111215,10.92,10.99,10.62,10.99,29140
APC,20111214,11.29,11.29,10.69,11.07,5580
APC,20111213,10.99,11.37,10.99,10.99,22480
APC,20111212,10.91,11.22,10.91,11.22,38580
APC,20111209,10.61,10.99,10.61,10.99,26120
APC,20111208,10.61,10.76,10.61,10.76,5050
APC,20111207,10.83,10.83,10.61,10.76,4520
APC,20111206,10.99,10.99,10.91,10.91,9320
APC,20111205,10.99,10.99,10.84,10.99,25530
APC,20111202,10.91,10.91,10.76,10.84,10910
APC,20111201,10.61,10.77,10.61,10.76,22120
APC,20111130,10.69,10.69,10.61,10.69,21410
APC,20111129,10.61,10.69,10.61,10.61,32410
APC,20111128,10.69,10.69,10.53,10.61,30710
APC,20111125,10.54,10.62,10.54,10.61,44030
APC,20111124,10.54,10.54,10.54,10.54,26600
APC,20111123,10.54,10.54,10.46,10.54,39670
APC,20111122,10.46,10.54,10.38,10.54,16730
APC,20111121,10.46,10.61,10.46,10.46,18440
APC,20111118,10.53,10.76,10.46,10.46,72980
APC,20111117,10.69,10.69,10.54,10.61,20800
APC,20111116,10.69,10.77,10.69,10.69,44980
APC,20111115,10.61,10.76,10.53,10.54,27730
APC,20111114,10.61,10.76,10.61,10.76,53430
APC,20111111,10.61,10.76,10.46,10.61,38740
APC,20111110,10.69,10.69,10.46,10.61,49660
APC,20111109,10.69,10.76,10.61,10.69,44650
APC,20111108,10.46,10.76,10.46,10.61,30840
APC,20111107,10.46,10.46,10.38,10.46,17750
APC,20111104,10.53,10.53,10.38,10.46,13850
APC,20111103,10.54,10.54,10.39,10.38,6360
APC,20111102,10.46,10.54,10.38,10.54,13190
APC,20111101,10.46,10.53,10.38,10.46,16500
APC,20111031,10.61,10.61,10.46,10.61,2070
APC,20111028,10.54,10.69,10.54,10.61,7360
APC,20111027,10.38,10.46,10.38,10.46,25660
APC,20111026,10.53,10.53,10.38,10.38,23430
APC,20111025,10.54,10.54,10.39,10.38,14500
APC,20111024,10.69,10.69,10.54,10.54,7830
APC,20111021,10.53,10.69,10.53,10.54,25590
APC,20111020,10.61,10.61,10.53,10.61,1850
APC,20111019,10.62,10.62,10.46,10.61,23810
APC,20111018,10.54,10.54,10.46,10.54,15110
APC,20111017,10.61,10.69,10.46,10.46,20580
APC,20111014,10.69,10.77,10.61,10.61,10840
APC,20111013,10.69,10.69,10.53,10.69,34990
APC,20111012,10.69,10.84,10.61,10.61,20200
APC,20111011,10.46,10.76,10.39,10.69,110940
APC,20111010,10.23,10.31,10.23,10.31,11290
APC,20111007,10.46,10.46,10.08,10.08,4730
APC,20111006,10.09,10.31,10.01,10.31,51100
APC,20111005,10.00,10.08,10.00,10.01,25900
APC,20111004,9.85,9.93,9.85,9.85,16280
APC,20111003,9.93,10.09,9.93,9.93,43910
APC,20110930,10.01,10.08,10.01,10.01,26360
APC,20110929,9.93,10.16,9.93,9.93,63570
APC,20110928,10.16,10.16,10.01,10.16,16060
APC,20110927,10.01,10.16,9.85,10.01,36450
APC,20110926,9.93,10.08,9.85,9.93,51590
APC,20110923,10.01,10.16,9.93,9.93,42980
APC,20110922,10.15,10.15,9.93,10.16,6860
APC,20110921,10.16,10.16,9.85,9.85,20980
APC,20110920,9.93,10.23,9.93,9.93,30590
APC,20110919,10.15,10.23,9.85,10.23,3870
APC,20110916,9.86,10.39,9.86,9.85,99230
APC,20110915,10.38,10.46,10.01,10.16,128030
APC,20110914,11.06,11.06,10.46,10.46,99800
APC,20110913,10.31,10.76,10.31,10.76,152800
APC,20110912,10.08,10.38,10.08,10.31,121610
APC,20110909,10.23,10.39,10.16,10.23,108780
APC,20110908,10.31,10.38,10.23,10.31,120800
APC,20110907,9.77,9.92,9.70,9.93,185710
APC,20110906,9.70,9.70,9.40,9.47,51110
APC,20110905,9.55,10.00,9.47,9.78,118470
APC,20110901,9.39,9.55,9.32,9.55,61410
APC,20110831,9.48,9.48,9.32,9.47,50280
APC,20110830,9.47,9.55,9.32,9.40,40140
APC,20110829,9.17,9.32,9.17,9.32,55640
APC,20110826,9.02,9.17,9.02,9.17,20110
APC,20110825,9.02,9.25,9.02,9.02,7120
APC,20110824,9.17,9.17,9.02,9.02,24350
APC,20110823,9.25,9.25,9.10,9.25,17780
APC,20110822,9.32,9.40,9.32,9.40,10540
APC,20110819,9.40,9.40,9.25,9.32,19060
APC,20110818,9.25,9.40,9.25,9.40,32010
APC,20110817,9.25,9.25,9.10,9.25,23000
APC,20110816,9.17,9.25,9.02,9.25,5490
APC,20110815,9.02,9.25,8.95,9.25,8220
APC,20110812,8.80,9.10,8.80,9.10,30640
APC,20110811,8.79,8.79,8.49,8.72,18750
APC,20110810,8.64,8.94,8.64,8.79,30700
APC,20110809,8.64,8.94,8.64,8.64,78050
APC,20110808,9.17,9.17,9.02,9.02,176900
APC,20110805,9.25,9.25,9.09,9.17,12900
APC,20110804,9.09,9.17,9.09,9.17,8880
APC,20110803,8.94,9.09,8.86,8.94,38820
APC,20110802,9.10,9.10,8.95,8.94,44440
APC,20110801,9.09,9.17,9.09,9.10,21820
APC,20110729,9.17,9.17,9.09,9.17,9990
APC,20110728,9.18,9.18,9.10,9.17,15930
APC,20110727,9.17,9.25,9.10,9.10,36370
APC,20110726,9.10,9.25,9.10,9.25,17230
APC,20110725,9.40,9.40,9.17,9.25,20550
APC,20110722,9.25,9.33,9.17,9.25,37300
APC,20110721,9.25,9.32,9.17,9.25,210250
APC,20110720,9.10,9.25,9.10,9.17,29650
APC,20110719,9.10,9.18,9.02,9.10,47770
APC,20110718,9.25,9.25,9.10,9.10,2723
APC,20110715,9.09,9.32,9.09,9.25,21790
APC,20110714,9.17,9.17,9.09,9.17,61710
APC,20110713,9.10,9.17,9.02,9.17,101920
APC,20110712,9.02,9.02,8.94,9.02,37060
APC,20110711,9.02,9.10,8.94,9.02,32300
APC,20110708,9.02,9.10,8.87,9.02,45730
APC,20110707,9.02,9.25,8.94,9.10,37200
APC,20110706,8.95,9.17,8.95,9.02,102980
APC,20110705,9.32,9.48,9.17,9.25,100150
APC,20110704,9.25,9.40,9.17,9.40,36420
APC,20110701,9.40,9.40,9.25,9.25,56860
APC,20110630,9.40,9.47,9.32,9.40,44730
APC,20110629,9.32,9.48,9.32,9.32,21860
APC,20110628,9.47,9.47,9.24,9.40,29360
APC,20110627,9.55,9.55,9.40,9.47,13760
APC,20110624,9.33,9.40,9.33,9.40,22810
APC,20110623,9.25,9.48,9.17,9.25,25190
APC,20110622,9.78,9.78,9.25,9.25,22570
APC,20110621,9.47,9.55,9.17,9.55,27660
APC,20110620,9.32,9.47,9.09,9.17,22810
APC,20110617,9.55,9.55,9.25,9.32,52980
APC,20110616,9.32,9.70,9.32,9.55,56910
APC,20110615,9.62,9.70,9.32,9.32,77030
APC,20110614,9.70,9.93,9.40,9.70,180760
APC,20110613,9.70,9.70,9.40,9.70,149680
APC,20110610,8.95,9.25,8.95,9.25,183490
APC,20110609,8.87,8.95,8.79,8.87,42470
APC,20110608,8.79,8.87,8.72,8.87,26920
APC,20110607,8.64,8.87,8.64,8.87,66730
APC,20110606,8.34,8.57,8.34,8.49,10570
APC,20110603,9.09,9.09,8.56,8.57,192400
APC,20110602,8.80,8.95,8.72,8.94,73030
APC,20110601,8.64,8.79,8.49,8.72,52020
APC,20110531,8.56,8.64,8.41,8.49,20580
APC,20110530,9.02,9.02,8.41,8.41,81220
APC,20110527,8.79,8.79,8.64,8.79,127430
APC,20110526,7.80,8.41,7.73,8.41,95300
APC,20110525,7.88,8.03,7.73,8.03,261210
APC,20110524,8.19,8.26,8.11,8.11,180390
APC,20110523,8.64,8.72,8.49,8.49,50860
APC,20110520,8.94,8.94,8.81,8.87,116200
APC,20110519,9.19,9.19,9.00,9.00,100850
APC,20110518,9.19,9.19,9.00,9.06,163950
APC,20110517,9.32,9.32,9.07,9.06,74880
APC,20110516,9.13,9.32,9.06,9.26,85750
APC,20110513,9.06,9.06,8.94,9.00,104280
APC,20110512,9.06,9.06,8.93,9.00,203030
APC,20110511,8.67,8.67,8.61,8.67,40320
APC,20110510,8.74,8.80,8.61,8.67,43100
APC,20110509,8.67,8.74,8.61,8.74,58990
APC,20110506,8.67,8.67,8.48,8.61,49350
APC,20110505,8.67,8.67,8.48,8.48,71700
APC,20110504,8.54,8.61,8.48,8.48,36380
APC,20110429,8.61,8.61,8.49,8.48,11970
APC,20110428,8.48,8.54,8.48,8.55,38860
APC,20110427,8.48,8.48,8.42,8.48,45420
APC,20110426,8.48,8.61,8.42,8.42,31780
APC,20110425,8.35,8.54,8.35,8.48,32440
APC,20110422,8.61,8.61,8.36,8.35,82140
APC,20110421,8.55,8.67,8.55,8.55,69770
APC,20110420,8.61,8.67,8.42,8.61,206860
APC,20110419,8.67,8.67,8.55,8.61,99010
APC,20110418,8.67,8.74,8.61,8.61,21528
APC,20110415,8.67,8.73,8.48,8.61,246950
APC,20110414,8.61,8.80,8.48,8.67,103130
APC,20110413,8.80,8.80,8.61,8.67,42710
APC,20110408,8.54,8.67,8.48,8.67,90180
APC,20110407,8.55,8.67,8.48,8.48,57990
APC,20110406,8.42,8.74,8.42,8.61,55630
APC,20110405,8.35,8.48,8.29,8.42,129590
APC,20110404,8.41,8.41,8.35,8.35,37330
APC,20110401,8.41,8.54,8.29,8.35,48630
APC,20110331,8.35,8.48,8.35,8.35,57690
APC,20110330,8.35,8.42,8.29,8.35,74630
APC,20110329,8.61,8.61,8.35,8.61,65880
APC,20110328,8.87,8.87,8.61,8.67,46200
APC,20110325,8.74,8.80,8.68,8.74,41440
APC,20110324,9.00,9.00,8.74,8.74,90510
APC,20110323,8.61,8.74,8.35,8.74,414360
APC,20110322,8.29,8.48,8.29,8.35,60310
APC,20110321,8.55,8.61,8.36,8.35,35470
APC,20110318,8.48,8.54,8.35,8.55,43710
APC,20110317,8.23,8.55,8.23,8.48,94340
APC,20110316,8.35,8.41,8.22,8.42,24360
APC,20110315,8.23,8.29,8.03,8.22,39440
APC,20110314,8.48,8.67,8.28,8.29,42390
APC,20110311,8.61,8.81,8.42,8.67,128300
APC,20110310,8.22,8.41,8.22,8.42,78760
APC,20110309,8.16,8.29,8.03,8.22,24920
APC,20110308,8.28,8.35,8.22,8.29,35200
APC,20110307,8.16,8.35,8.16,8.22,24650
APC,20110304,8.03,8.22,8.03,8.16,35020
APC,20110303,7.96,8.15,7.90,8.09,74300
APC,20110302,8.29,8.29,7.97,7.96,87590
APC,20110301,8.35,8.42,8.29,8.29,23990
APC,20110228,8.67,8.67,8.29,8.48,16400
APC,20110225,8.68,8.68,8.42,8.61,19010
APC,20110224,8.35,8.41,8.03,8.42,52130
APC,20110223,8.35,8.41,8.15,8.35,41460
APC,20110222,7.96,8.41,7.96,8.09,56780
APC,20110221,8.48,8.48,8.35,8.35,104680
APC,20110218,8.74,8.87,8.61,8.74,85900
APC,20110217,8.87,8.93,8.68,8.87,34860
APC,20110216,9.06,9.12,8.87,8.87,36910
APC,20110215,9.32,9.32,8.93,9.06,83400
APC,20110214,9.06,9.32,8.99,9.32,336070
APC,20110211,8.93,8.93,8.81,8.93,50360
APC,20110210,8.74,8.93,8.74,8.87,77530
APC,20110209,8.93,8.99,8.61,8.87,109340
APC,20110208,9.06,9.06,8.87,8.93,44770
APC,20110128,8.67,8.93,8.67,8.87,54690
APC,20110127,8.61,8.80,8.61,8.67,37130
APC,20110126,8.93,8.93,8.61,8.61,13740
APC,20110125,8.74,8.74,8.61,8.67,24260
APC,20110124,8.87,8.93,8.68,8.74,50690
APC,20110121,8.93,8.99,8.80,8.87,66690
APC,20110120,8.74,9.00,8.68,8.67,39470
APC,20110119,9.12,9.12,8.80,8.87,141870
APC,20110118,8.80,8.80,8.80,8.80,109220
APC,20110117,8.48,8.48,8.29,8.35,46840
APC,20110114,8.35,8.42,8.23,8.42,24470
APC,20110113,8.35,8.41,8.22,8.29,22810
APC,20110112,8.35,8.35,8.10,8.22,10700
APC,20110111,8.35,8.35,8.09,8.16,19160
APC,20110110,8.42,8.42,8.29,8.35,26650
APC,20110107,8.48,8.48,8.35,8.42,42250
APC,20110106,8.35,8.41,8.29,8.35,38360
APC,20110105,8.48,8.48,8.29,8.35,16520
APC,20110104,8.48,8.55,8.42,8.48,17570
APC,20101231,8.29,8.41,8.29,8.42,29900
APC,20101230,8.42,8.42,8.23,8.35,112600
APC,20101229,8.42,8.48,8.29,8.42,31760
APC,20101228,8.35,8.48,8.16,8.42,34680
APC,20101227,8.22,8.28,8.16,8.22,45950
APC,20101224,8.48,8.48,8.16,8.22,43430
APC,20101223,8.67,8.67,8.29,8.35,25610
APC,20101222,8.55,8.81,8.42,8.48,51010
APC,20101221,8.68,8.68,8.23,8.55,30820
APC,20101220,8.68,8.74,8.36,8.55,21590
APC,20101217,8.67,8.67,8.35,8.55,56230
APC,20101216,8.48,8.61,8.35,8.35,32200
APC,20101215,8.93,8.93,8.61,8.67,40220
APC,20101214,8.74,9.25,8.61,8.74,138140
APC,20101213,8.99,9.06,8.93,9.06,184150
APC,20101210,8.67,8.67,8.42,8.67,91610
APC,20101209,8.22,8.61,8.09,8.48,33930
APC,20101208,8.61,8.61,8.22,8.22,94080
APC,20101207,9.06,9.06,8.61,8.61,96750
APC,20101206,9.19,9.32,8.80,9.06,108060
APC,20101203,9.00,9.06,8.87,9.06,141390
APC,20101202,8.35,8.74,8.09,8.74,61150
APC,20101201,8.42,8.55,8.16,8.35,43320
APC,20101130,8.29,8.55,8.29,8.42,217390
APC,20101129,8.09,8.16,7.90,8.16,35620
APC,20101126,7.96,8.09,7.90,8.03,63760
APC,20101125,7.71,8.16,7.71,7.96,80090
APC,20101124,7.70,7.83,7.64,7.77,110900
APC,20101123,7.63,7.76,7.63,7.70,22210
APC,20101122,7.57,7.57,7.44,7.57,34860
APC,20101119,7.83,7.83,7.64,7.70,52380
APC,20101118,7.70,7.70,7.57,7.70,76180
APC,20101117,7.25,7.57,7.25,7.38,11620
APC,20101116,7.64,7.64,7.25,7.25,64130
APC,20101115,8.02,8.02,7.51,7.51,53330
APC,20101112,7.97,7.97,7.64,7.83,44390
APC,20101111,8.10,8.16,8.03,8.03,28990
APC,20101110,8.09,8.35,8.09,8.16,46250
APC,20101109,8.42,8.42,8.23,8.22,51650
APC,20101108,8.55,8.55,8.36,8.42,44510
APC,20101105,8.29,8.55,8.29,8.42,55580
APC,20101104,8.42,8.48,8.10,8.29,30270
APC,20101103,8.67,8.67,8.28,8.29,148140
APC,20101102,8.61,8.67,8.42,8.67,38790
APC,20101101,8.67,8.67,8.54,8.61,29660
APC,20101029,9.06,9.06,8.67,8.67,41170
APC,20101028,8.87,8.93,8.81,8.93,28240
APC,20101027,8.93,9.12,8.87,8.87,56040
APC,20101026,8.93,9.26,8.93,9.06,53220
APC,20101025,8.55,8.93,8.55,8.87,25310
APC,20101022,8.81,8.81,8.49,8.74,24690
APC,20101021,8.93,8.93,8.54,8.55,31130
APC,20101020,8.74,9.00,8.68,8.67,95290
APC,20101019,9.32,9.32,9.00,9.13,30800
APC,20101018,9.07,9.39,9.07,9.32,18250
APC,20101015,9.51,9.51,9.26,9.39,35610
APC,20101014,9.52,9.52,9.39,9.45,44750
APC,20101013,9.07,9.39,9.07,9.39,12620
APC,20101012,9.20,9.39,9.07,9.39,87910
APC,20101011,9.33,9.39,9.26,9.39,19610
APC,20101008,9.52,9.71,9.39,9.39,28520
APC,20101007,9.71,9.78,9.52,9.58,73120
APC,20101006,9.32,9.64,9.32,9.65,77740
APC,20101005,9.06,9.32,8.87,9.19,48040
APC,20101004,9.58,9.58,9.13,9.19,114920
APC,20101001,9.71,9.71,9.59,9.58,21870
APC,20100930,9.77,9.84,9.64,9.65,64210
APC,20100929,9.96,10.03,9.90,9.90,53160
APC,20100928,10.22,10.22,9.90,9.90,33440
APC,20100927,10.09,10.09,9.77,9.90,31150
APC,20100924,9.90,10.03,9.77,10.03,59990
APC,20100923,10.29,10.29,9.90,9.90,86040
APC,20100922,10.29,10.35,10.10,10.29,35800
APC,20100921,10.42,10.55,10.23,10.29,88550
APC,20100920,10.81,10.81,10.42,10.42,174690
APC,20100917,10.03,10.42,10.03,10.42,91990
APC,20100916,9.97,10.16,9.91,10.03,52560
APC,20100915,10.16,10.22,10.03,10.10,49470
APC,20100914,10.03,10.22,9.90,10.16,140420
APC,20100913,10.03,10.03,9.64,9.77,61820
APC,20100910,10.55,10.68,10.03,10.03,154360
APC,20100909,10.29,10.42,10.10,10.42,215780
APC,20100908,9.97,10.16,9.84,9.97,105340
APC,20100907,10.36,10.87,10.10,10.29,68470
APC,20100906,10.55,10.55,10.49,10.55,118670
APC,20100901,9.97,10.10,9.71,10.10,170940
APC,20100831,9.32,9.64,9.06,9.65,152710
APC,20100830,9.19,9.19,9.19,9.19,38850
APC,20100827,9.06,9.06,8.61,8.80,67960
APC,20100826,9.00,9.19,8.81,9.06,97460
APC,20100825,9.06,9.19,9.00,9.00,124220
APC,20100824,9.64,9.71,9.45,9.45,122750
APC,20100823,9.97,10.29,9.90,9.90,42550
APC,20100820,10.36,10.36,10.04,10.29,75150
APC,20100819,10.49,10.62,10.23,10.36,40830
APC,20100818,11.01,11.01,10.49,10.49,56620
APC,20100817,10.94,11.14,10.75,10.75,49470
APC,20100816,11.00,11.20,10.74,11.20,88470
APC,20100813,10.36,10.94,10.23,10.68,39500
APC,20100812,10.75,11.13,10.55,10.55,102720
APC,20100811,11.07,11.13,10.68,11.07,111400
APC,20100810,10.81,10.88,10.68,10.68,148330
APC,20100809,11.52,11.78,11.20,11.20,181830
APC,20100806,11.91,12.10,11.72,11.78,53480
APC,20100805,12.17,12.17,11.85,11.91,62230
APC,20100804,12.10,12.36,11.84,11.85,94890
APC,20100803,12.88,13.07,12.30,12.36,244990
APC,20100802,12.62,12.62,12.62,12.62,41350
APC,20100730,11.65,12.04,11.65,12.04,50740
APC,20100729,11.66,11.85,11.40,11.52,138730
APC,20100728,12.24,12.30,11.98,11.98,135900
APC,20100727,12.82,13.46,12.56,12.56,128770
APC,20100726,13.53,13.53,13.14,13.14,125530
APC,20100723,13.91,13.91,13.59,13.72,106890
APC,20100722,14.05,14.30,13.59,13.59,113400
APC,20100721,14.57,14.70,13.66,14.24,195250
APC,20100720,13.92,14.31,13.66,14.31,279240
APC,20100719,14.17,14.17,13.59,13.66,193210
APC,20100716,13.91,14.24,13.72,14.11,38120
APC,20100715,14.24,14.24,13.59,13.59,102090
APC,20100714,14.24,14.24,14.17,14.24,476310
APC,20100713,12.95,13.60,12.89,13.59,341280
APC,20100712,12.82,12.95,12.76,12.95,58600
APC,20100709,12.95,13.01,12.88,12.95,57940
APC,20100708,13.01,13.08,12.63,13.01,121720
APC,20100707,12.95,12.95,12.56,12.95,29240
APC,20100706,13.21,13.27,12.82,12.95,78690
APC,20100705,12.94,12.94,12.81,12.82,17790
APC,20100702,12.94,12.94,12.62,12.75,52220
APC,20100701,12.95,12.95,12.63,12.62,61390
APC,20100630,12.75,12.95,12.75,12.95,35890
APC,20100629,13.27,13.27,12.95,13.01,68050
APC,20100628,13.34,13.34,13.02,13.01,88980
APC,20100625,13.27,13.27,13.08,13.08,43420
APC,20100624,13.34,13.40,13.21,13.40,89790
APC,20100623,13.47,13.47,13.28,13.34,38460
APC,20100622,13.72,13.72,13.27,13.34,42430
APC,20100621,13.72,13.72,13.01,13.72,28250
APC,20100618,13.53,13.85,13.53,13.53,49770
APC,20100617,13.92,13.92,13.60,13.72,33800
APC,20100616,13.34,13.79,13.34,13.79,99990
APC,20100615,13.53,13.53,13.21,13.34,51510
APC,20100614,13.14,13.53,13.14,13.21,64990
APC,20100611,13.60,13.60,13.08,13.14,18110
APC,20100610,13.14,13.53,13.08,13.08,26670
APC,20100609,13.21,13.40,13.02,13.27,14970
APC,20100608,12.95,13.27,12.76,13.21,25290
APC,20100607,13.46,13.46,13.20,13.21,78890
APC,20100604,13.92,14.18,13.86,13.85,24130
APC,20100603,14.50,14.50,13.99,14.05,37790
APC,20100602,14.24,14.24,14.05,14.18,24810
APC,20100601,13.85,14.24,13.85,14.24,35190
APC,20100531,14.63,14.63,13.98,14.24,73570
APC,20100528,13.92,13.99,13.86,13.98,128830
APC,20100527,13.40,13.40,13.27,13.34,24700
APC,20100526,13.46,13.46,13.27,13.27,24590
APC,20100525,13.27,13.34,13.08,13.27,33810
APC,20100524,12.95,13.47,12.69,13.21,22540
APC,20100521,13.33,13.53,13.20,13.21,117650
APC,20100520,12.94,13.85,12.94,13.85,76970
APC,20100519,13.53,14.12,13.53,13.59,67080
APC,20100518,14.31,14.63,14.18,14.18,109960
APC,20100517,14.76,15.40,14.30,14.31,56970
APC,20100514,15.01,15.14,14.82,14.95,61800
APC,20100513,15.08,15.53,14.82,14.82,92500
APC,20100512,15.93,15.99,15.34,15.34,119780
APC,20100511,16.57,16.57,16.05,16.12,101440
APC,20100510,16.25,16.25,15.99,16.05,102200
APC,20100507,16.77,17.09,16.06,16.77,234860
APC,20100506,16.18,16.77,16.12,16.77,250710
APC,20100505,15.92,16.05,15.79,15.99,112780
APC,20100504,15.93,16.19,15.93,16.05,128980
APC,20100429,15.67,16.38,15.67,16.38,129070
APC,20100428,15.79,16.05,15.73,15.86,102890
APC,20100427,15.86,15.92,15.67,15.73,81580
APC,20100426,16.18,16.18,15.86,15.86,77450
APC,20100422,16.44,16.44,15.99,16.12,113160
APC,20100421,16.05,16.31,15.92,15.99,145790
APC,20100420,16.64,16.64,15.73,16.18,125340
APC,20100419,16.83,16.83,16.51,16.51,128120
APC,20100416,16.99,16.99,16.99,16.96,78640
APC,20100415,16.01,16.21,15.54,16.21,440690
APC,20100414,16.05,16.10,15.64,15.80,250570
APC,20100413,16.58,16.58,16.01,16.05,164180
APC,20100412,17.56,17.56,16.57,16.68,418170
APC,20100409,16.73,16.73,16.73,16.73,220450
APC,20100408,16.05,16.47,15.95,15.95,309050
APC,20100407,16.05,16.31,15.95,16.00,214100
APC,20100406,16.67,16.93,15.95,15.95,186270
APC,20100405,16.37,16.63,15.90,16.62,385450
APC,20100402,15.53,15.84,15.12,15.85,318750
APC,20100401,14.29,15.12,14.24,15.12,152990
APC,20100331,14.71,14.86,14.24,14.45,103430
APC,20100330,15.28,15.28,14.76,14.76,63550
APC,20100329,14.76,15.28,14.76,15.28,182370
APC,20100326,14.81,15.02,14.60,14.66,120770
APC,20100325,15.12,15.28,14.76,14.81,159490
APC,20100324,15.23,15.33,15.02,15.28,183480
APC,20100323,15.54,15.64,15.02,15.02,122630
APC,20100322,15.54,15.80,15.54,15.54,213050
APC,20100319,16.05,16.05,15.53,15.54,138380
APC,20100318,16.21,16.21,15.59,16.05,148280
APC,20100317,16.10,16.20,15.53,15.80,323290
APC,20100316,15.85,16.47,15.48,15.48,382190
APC,20100315,17.87,17.87,16.26,16.26,306240
APC,20100312,17.09,17.09,16.83,17.09,350320
APC,20100311,16.27,16.32,16.06,16.31,387990
APC,20100310,15.53,15.53,15.48,15.54,697080
APC,20100309,14.81,14.81,14.66,14.81,397820
APC,20100308,13.98,14.13,13.98,14.14,211300
APC,20100305,13.99,13.99,13.47,13.46,42000
APC,20100304,13.78,14.34,13.78,13.78,22620
APC,20100303,13.99,14.56,13.99,14.50,18150
APC,20100302,15.28,15.28,14.66,14.66,52470
APC,20100301,16.01,16.01,14.66,14.66,59710
APC,20100226,15.27,15.27,15.22,15.28,1760
APC,20100225,15.07,15.43,14.91,14.91,202500
APC,20100224,15.69,15.69,15.69,15.69,21360
APC,20100223,16.47,16.47,16.47,16.47,1220
APC,20100222,19.06,19.06,17.30,17.30,1570
APC,20100212,17.30,19.06,17.30,18.18,5230
APC,20100211,18.17,18.17,18.17,18.18,150
APC,20100210,20.09,20.09,20.09,20.09,5010
APC,20100209,18.64,20.14,18.33,20.09,11020
APC,20100208,20.20,20.20,19.22,19.21,12250
APC,20100205,14.50,20.87,14.50,20.20,23380
