<Ticker>,<DTYYYYMMDD>,<Open>,<High>,<Low>,<Close>,<Volume>
CCM,20180330,25.00,25.00,25.00,25.00,5700
CCM,20180329,25.80,25.80,25.00,25.00,900
CCM,20180328,24.50,24.50,24.50,24.50,100
CCM,20180327,24.50,24.50,24.50,24.50,600
CCM,20180326,25.40,25.40,24.50,24.90,600
CCM,20180323,24.90,24.90,24.90,24.90,230
CCM,20180321,24.20,24.50,24.20,24.50,800
CCM,20180320,24.20,24.20,24.20,24.20,575
CCM,20180316,25.00,25.00,24.20,24.20,700
CCM,20180315,24.00,25.80,24.00,25.80,1400
CCM,20180314,25.00,25.00,25.00,25.00,600
CCM,20180313,24.80,24.80,24.50,24.80,1600
CCM,20180312,20.50,24.30,20.00,24.30,13862
CCM,20180309,22.20,22.20,22.20,22.20,600
CCM,20180308,20.30,20.30,20.30,20.30,300
CCM,20180307,22.90,22.90,20.50,20.50,200
CCM,20180306,21.20,21.30,21.20,21.30,1100
CCM,20180302,23.90,23.90,23.50,23.50,400
CCM,20180301,23.00,23.00,23.00,23.00,300
CCM,20180226,22.80,24.70,22.70,24.70,800
CCM,20180223,25.20,25.20,25.20,25.20,200
CCM,20180222,22.00,23.90,22.00,23.90,2900
CCM,20180221,21.10,24.20,21.10,24.20,500
CCM,20180213,20.60,22.40,20.60,22.40,200
CCM,20180209,21.10,22.40,21.00,22.40,700
CCM,20180208,22.30,23.00,21.90,23.00,800
CCM,20180207,20.10,21.60,20.10,21.60,200
CCM,20180206,19.10,21.00,19.00,21.00,12120
CCM,20180205,21.10,21.10,21.10,21.10,100
CCM,20180202,22.90,22.90,22.90,22.90,300
CCM,20180201,22.30,22.30,22.30,22.30,100
CCM,20180131,24.00,24.50,24.00,24.50,300
CCM,20180130,23.10,23.10,23.10,23.10,100
CCM,20180129,24.90,24.90,24.90,24.90,1100
CCM,20180126,24.10,24.10,24.10,24.10,100
CCM,20180125,27.00,27.00,26.50,26.50,500
CCM,20180124,27.50,27.50,27.50,27.50,100
CCM,20180123,30.50,30.50,30.50,30.50,225
CCM,20180122,27.50,30.00,27.40,29.80,6500
CCM,20180119,30.00,30.90,29.00,30.40,3500
CCM,20180118,31.00,31.00,31.00,31.00,148
CCM,20180117,31.00,31.00,31.00,31.00,6
CCM,20180116,31.00,31.00,31.00,31.00,100
CCM,20180115,31.00,31.00,31.00,31.00,465
CCM,20180112,31.00,31.00,31.00,31.00,100
CCM,20180111,31.10,31.10,31.00,31.00,500
CCM,20180110,31.50,31.50,31.50,31.50,500
CCM,20180109,32.00,32.00,31.50,31.50,4130
CCM,20180108,33.00,33.00,31.00,32.50,3000
CCM,20180105,33.00,33.00,33.00,33.00,20
CCM,20180104,33.00,33.00,32.50,33.00,2000
CCM,20180103,33.00,33.00,33.00,33.00,700
CCM,20180102,33.00,33.50,33.00,33.50,1200
CCM,20171229,33.00,33.00,33.00,33.00,2100
CCM,20171226,33.10,33.10,33.10,33.10,1600
CCM,20171225,33.50,33.50,33.50,33.50,220
CCM,20171221,33.00,33.20,33.00,33.10,807
CCM,20171220,33.50,33.50,33.50,33.50,800
CCM,20171219,33.50,33.50,33.50,33.50,500
CCM,20171218,33.30,34.00,33.30,34.00,690
CCM,20171215,34.00,34.00,34.00,34.00,500
CCM,20171214,34.00,34.00,34.00,34.00,300
CCM,20171213,34.00,34.00,34.00,34.00,200
CCM,20171212,33.50,33.50,33.30,33.30,1000
CCM,20171208,34.00,34.00,34.00,34.00,55
CCM,20171206,34.00,34.00,34.00,34.00,300
CCM,20171204,34.50,34.50,34.30,34.30,4500
CCM,20171201,34.00,35.00,33.60,35.00,8600
CCM,20171128,33.90,35.00,33.90,35.00,2700
CCM,20171127,33.30,33.30,33.30,33.30,15
CCM,20171124,33.30,33.30,33.30,33.30,840
CCM,20171123,33.90,33.90,33.90,33.90,100
CCM,20171122,33.80,34.00,33.80,34.00,2900
CCM,20171121,34.90,34.90,33.60,34.00,3200
CCM,20171120,33.60,34.00,33.60,33.60,3400
CCM,20171117,34.00,34.00,34.00,34.00,200
CCM,20171115,33.50,34.00,33.50,34.00,1500
CCM,20171113,35.00,35.00,35.00,35.00,100
CCM,20171110,34.00,35.00,34.00,35.00,5100
CCM,20171109,34.00,34.00,34.00,34.00,1200
CCM,20171108,37.60,37.60,37.60,37.60,100
CCM,20171107,37.60,39.10,37.60,37.60,300
CCM,20171102,41.00,41.00,41.00,41.00,100
CCM,20171031,41.00,41.00,41.00,41.00,400
CCM,20171030,41.00,41.00,41.00,41.00,300
CCM,20171027,41.00,42.00,41.00,42.00,800
CCM,20171025,41.90,41.90,41.90,41.90,300
CCM,20171024,41.90,42.00,40.00,41.00,600
CCM,20171023,39.20,42.00,39.20,41.90,434
CCM,20171020,43.00,43.00,39.00,39.00,560
CCM,20171019,39.00,39.60,39.00,39.60,400
CCM,20171018,32.60,37.90,32.50,36.00,1900
CCM,20171017,39.90,40.10,36.10,36.10,1940
CCM,20171016,40.00,40.10,40.00,40.10,200
CCM,20171013,33.00,36.60,33.00,36.60,1200
CCM,20171012,33.00,33.30,33.00,33.30,600
CCM,20171011,30.30,30.30,30.30,30.30,100
CCM,20171009,32.00,33.40,32.00,33.40,200
CCM,20171006,30.00,33.00,30.00,33.00,1045
CCM,20171004,31.50,31.50,31.50,31.50,1300
CCM,20171003,35.00,35.00,34.90,34.90,200
CCM,20171002,38.70,38.70,38.70,38.70,200
CCM,20170929,42.90,42.90,42.90,42.90,100
CCM,20170927,47.60,47.60,47.60,47.60,200
CCM,20170921,47.60,47.60,47.60,47.60,100
CCM,20170918,43.80,53.20,43.80,52.80,1000
CCM,20170915,59.30,59.30,48.60,48.60,200
CCM,20170912,60.00,60.00,54.00,54.00,215
CCM,20170911,54.80,54.80,54.80,54.80,217
CCM,20170901,55.70,55.70,50.00,50.00,400
CCM,20170825,50.80,50.80,50.80,50.80,200
CCM,20170823,41.50,46.90,41.50,46.40,1100
CCM,20170822,46.10,46.10,46.10,46.10,200
CCM,20170821,42.00,42.00,42.00,42.00,100
CCM,20170818,38.80,38.80,37.00,38.40,700
CCM,20170817,30.10,35.40,30.10,35.40,1500
CCM,20170816,32.30,32.30,32.30,32.30,200
CCM,20170815,30.00,35.70,30.00,35.70,1400
CCM,20170814,36.80,36.80,32.50,32.50,500
CCM,20170811,33.00,33.50,33.00,33.50,400
CCM,20170810,36.10,36.10,36.10,36.10,100
CCM,20170808,40.00,40.00,40.00,40.00,8
CCM,20170807,36.20,40.00,36.20,40.00,278
CCM,20170804,40.00,40.00,40.00,40.00,2
CCM,20170802,36.50,40.00,36.50,40.00,402
CCM,20170801,38.50,39.90,37.00,39.90,1900
CCM,20170731,39.80,40.00,39.80,40.00,800
CCM,20170728,40.00,40.00,40.00,40.00,300
CCM,20170727,39.10,39.10,39.10,39.10,1650
CCM,20170726,35.60,35.60,35.60,35.60,100
CCM,20170724,32.40,32.40,32.40,32.40,200
CCM,20170721,29.00,29.50,29.00,29.50,700
CCM,20170720,23.60,28.60,23.60,28.60,300
CCM,20170718,26.00,26.10,26.00,26.10,500
CCM,20170714,23.80,23.80,23.80,23.80,575
CCM,20170712,21.70,21.70,18.00,21.70,325
CCM,20170710,19.80,19.80,19.80,19.80,100
CCM,20170707,19.10,21.00,19.10,21.00,200
CCM,20170704,21.00,21.00,21.00,21.00,100
CCM,20170703,23.30,23.30,23.30,23.30,60
CCM,20170630,23.30,23.30,23.30,23.30,100
CCM,20170629,21.20,21.20,21.20,21.20,100
CCM,20170628,23.50,23.50,23.50,23.50,500
CCM,20170627,21.40,21.40,21.40,21.40,60
CCM,20170626,21.40,21.40,21.40,21.40,200
CCM,20170623,20.10,20.20,20.10,20.20,200
CCM,20170622,22.00,25.60,22.00,22.30,800
CCM,20170621,23.30,23.30,23.30,23.30,100
CCM,20170619,25.80,25.80,25.80,25.80,100
CCM,20170609,25.80,25.80,25.80,25.80,800
CCM,20170607,25.00,27.00,25.00,27.00,1300
CCM,20170606,28.50,28.50,27.00,27.00,700
CCM,20170605,30.00,30.00,30.00,30.00,400
CCM,20170530,30.00,30.00,30.00,30.00,100
CCM,20170529,29.70,29.70,29.50,29.70,1700
CCM,20170524,26.30,27.00,26.30,27.00,400
CCM,20170522,30.00,30.00,26.30,26.30,2400
CCM,20170519,29.00,29.00,29.00,29.00,400
CCM,20170518,26.70,26.70,26.70,26.70,100
CCM,20170517,24.30,24.30,24.30,24.30,100
CCM,20170512,21.65,21.65,21.65,21.65,100
CCM,20170510,19.71,19.71,19.71,19.71,2300
CCM,20170508,17.94,17.94,17.94,17.94,500
CCM,20170504,15.58,16.34,15.58,16.34,300
CCM,20170503,15.00,15.00,15.00,14.99,500
CCM,20170427,13.65,13.65,13.65,13.65,100
CCM,20170426,12.46,12.46,12.46,12.47,100
CCM,20170420,11.37,11.37,11.37,11.37,90
CCM,20170411,11.37,11.37,11.37,11.37,600
CCM,20170405,11.29,11.29,11.29,11.29,90
CCM,20170321,11.29,11.29,11.29,11.29,50
CCM,20170313,11.37,11.37,11.29,11.29,2100
CCM,20160802,12.46,12.46,12.46,12.47,100
CCM,20160719,11.38,11.38,11.38,11.37,200
CCM,20160602,12.64,12.64,12.64,12.64,100
CCM,20160530,12.64,12.64,12.64,12.64,1000
CCM,20160517,12.64,12.64,12.64,12.64,900
CCM,20160511,12.64,12.64,12.64,12.64,1200
CCM,20160506,12.89,12.89,12.89,12.89,1110
CCM,20160505,14.32,14.32,14.32,14.32,200
CCM,20160428,15.83,15.83,15.83,15.84,110
CCM,20160425,14.99,14.99,14.99,14.99,10
CCM,20160420,14.99,14.99,14.99,14.99,10
CCM,20160415,15.00,15.00,15.00,14.99,100
CCM,20160413,13.65,13.65,13.65,13.65,100
CCM,20160412,12.46,12.46,12.46,12.47,100
CCM,20160219,11.38,11.38,11.38,11.37,100
CCM,20160106,13.90,13.90,12.64,12.64,2000
CCM,20151231,12.64,12.64,12.64,12.64,200
CCM,20151229,12.64,12.64,12.64,12.64,200
CCM,20151203,12.64,12.64,12.64,12.64,500
CCM,20151201,12.64,12.64,12.64,12.64,600
CCM,20151130,12.64,12.64,12.64,12.64,2600
CCM,20151105,13.65,13.65,13.65,13.65,1000
CCM,20151014,15.08,15.08,15.08,15.08,28
CCM,20151002,15.08,15.08,15.08,15.08,18
CCM,20150917,15.08,15.08,15.08,15.08,28
CCM,20150903,15.08,15.08,15.08,15.08,55
CCM,20150810,15.16,15.16,15.08,15.08,300
CCM,20150728,13.90,15.08,13.90,15.08,200
CCM,20150723,15.16,15.16,15.16,15.16,100
CCM,20150716,13.98,13.98,11.46,13.98,425
CCM,20150715,12.71,12.71,12.71,12.72,100
CCM,20150714,11.62,11.62,11.62,11.62,500
CCM,20150713,10.62,10.62,10.62,10.61,105
CCM,20150710,9.69,9.69,9.69,9.69,100
CCM,20150709,8.85,8.85,8.85,8.85,300
CCM,20150708,8.51,8.51,7.92,8.09,17315
CCM,20150707,8.43,8.43,7.75,7.75,35120
CCM,20150706,7.41,8.59,7.41,7.67,15000
CCM,20150703,7.83,7.83,7.83,7.83,500
CCM,20150702,7.16,7.16,7.16,7.16,38000
CCM,20150701,7.49,7.49,7.49,7.50,5090
CCM,20150630,7.41,7.41,7.41,7.41,15000
CCM,20150629,7.91,7.91,7.83,7.83,35000
CCM,20150626,8.84,8.84,8.42,8.42,200
CCM,20150624,9.02,9.02,9.02,9.01,100
CCM,20150623,8.26,8.26,8.26,8.26,1000
CCM,20150622,7.66,7.66,7.66,7.67,19700
CCM,20150619,7.24,7.41,7.24,7.41,16000
CCM,20150618,7.33,7.75,7.33,7.75,20010
CCM,20150617,8.09,8.09,7.92,7.92,12000
CCM,20150616,8.00,8.25,8.00,8.26,21000
CCM,20150615,8.00,8.00,8.00,8.00,20000
CCM,20150612,8.42,8.42,8.42,8.42,21000
CCM,20150611,8.42,8.42,8.42,8.42,19800
CCM,20150605,8.42,8.42,8.42,8.42,31100
CCM,20150604,8.42,8.42,8.42,8.42,10000
CCM,20150603,8.59,8.59,8.59,8.59,100
CCM,20150529,9.44,9.44,9.44,9.43,1015
CCM,20150527,10.45,10.45,10.45,10.45,100
CCM,20150522,11.46,11.46,11.46,11.46,100
CCM,20150519,12.56,12.56,12.56,12.55,100
CCM,20150518,13.82,13.82,13.82,13.82,100
CCM,20150515,15.24,15.24,15.24,15.25,100
CCM,20150514,16.77,16.77,16.77,16.76,100
CCM,20150513,18.45,18.45,18.45,18.45,100
CCM,20150512,20.38,20.38,20.38,20.39,100
CCM,20150506,22.49,22.49,22.49,22.49,100
CCM,20150505,24.85,24.85,24.85,24.85,100
CCM,20150504,27.55,27.55,27.55,27.55,100
CCM,20150427,30.58,30.58,30.58,30.58,100
CCM,20150423,33.94,33.94,33.94,33.95,500
CCM,20150422,37.65,37.65,37.65,37.65,1000
CCM,20150417,41.78,41.78,41.78,41.78,147
CCM,20150414,41.78,41.78,41.78,41.78,153
CCM,20150401,41.78,41.78,41.78,41.78,75
CCM,20150327,41.78,41.78,41.78,41.78,85
CCM,20150324,41.78,41.78,41.78,41.78,189
CCM,20150319,41.78,41.78,41.78,41.78,205
CCM,20150313,41.78,41.78,41.78,41.78,205
CCM,20150310,41.78,41.78,41.78,41.78,200
CCM,20150305,41.78,41.78,41.78,41.78,130
CCM,20150303,41.78,41.78,41.78,41.78,70
CCM,20150302,41.78,41.78,41.78,41.78,130
CCM,20150206,41.78,41.78,41.78,41.78,100
CCM,20150205,41.78,41.78,41.78,41.78,70
CCM,20150130,41.78,41.78,41.78,41.78,100
CCM,20150127,41.78,41.78,41.78,41.78,200
CCM,20150122,41.78,41.78,41.78,41.78,200
CCM,20150119,41.78,41.78,41.78,41.78,100
CCM,20141126,41.78,41.78,41.78,41.78,20
CCM,20141119,41.78,41.78,41.78,41.78,50
CCM,20141117,41.78,41.78,41.78,41.78,100
CCM,20141112,40.44,40.44,40.44,40.43,130
CCM,20141110,40.44,40.44,40.10,40.10,500
CCM,20141107,38.07,38.07,38.07,38.08,200
CCM,20141106,37.40,37.40,37.40,37.40,100
CCM,20141105,34.88,34.88,34.88,34.87,200
CCM,20141029,31.93,31.93,31.93,31.93,40
CCM,20141028,31.93,31.93,31.93,31.93,100
CCM,20141024,31.00,31.00,31.00,31.00,100
CCM,20141022,28.89,28.89,28.89,28.89,100
CCM,20141021,27.71,27.71,27.71,27.71,100
CCM,20141017,25.53,25.53,25.53,25.52,100
CCM,20141013,23.59,23.59,23.59,23.59,100
CCM,20141010,21.48,21.48,21.40,21.48,600
CCM,20141008,21.31,21.40,21.31,21.40,200
CCM,20141007,19.46,19.46,19.46,19.46,100
CCM,20141006,17.69,17.69,17.69,17.69,200
CCM,20140930,16.09,16.09,16.09,16.09,10
CCM,20140926,16.09,16.09,16.09,16.09,100
CCM,20140925,14.65,14.65,14.65,14.66,100
CCM,20140924,12.63,13.39,12.63,13.39,2190
CCM,20140919,12.22,12.22,12.22,12.21,100
CCM,20140918,11.12,11.12,11.12,11.12,100
CCM,20140915,11.12,11.12,11.12,11.12,225
CCM,20140909,10.11,10.11,10.11,10.11,100
CCM,20140908,11.20,11.20,11.20,11.20,75
CCM,20140904,13.56,13.56,11.20,11.20,200
CCM,20140903,12.38,12.38,12.38,12.38,100
CCM,20140829,13.73,13.73,11.37,13.73,2400
CCM,20140828,12.56,12.56,12.56,12.55,100
CCM,20140822,11.46,11.46,11.46,11.46,100
CCM,20140821,11.46,11.46,11.46,11.46,100
CCM,20140820,12.72,12.72,12.72,12.72,100
CCM,20140819,17.10,17.10,14.06,14.07,200
CCM,20140818,15.59,15.59,15.59,15.58,100
CCM,20140814,14.23,17.27,14.23,17.27,600
CCM,20140813,15.75,15.75,15.75,15.75,100
CCM,20140812,17.44,17.44,14.40,17.44,1700
CCM,20140811,15.92,15.92,15.92,15.92,100
CCM,20140808,14.49,14.49,14.49,14.49,100
CCM,20140806,13.23,13.23,13.23,13.23,100
CCM,20140801,11.96,12.04,11.96,12.05,200
CCM,20140721,10.11,10.95,10.11,10.95,5500
CCM,20140707,10.11,10.11,10.11,10.11,10000
CCM,20140702,10.11,10.11,10.11,10.11,10000
CCM,20140701,10.11,10.11,10.11,10.11,10000
CCM,20140630,10.11,10.11,10.11,10.11,10000
CCM,20140627,10.11,10.11,10.11,10.11,10000
CCM,20140626,10.11,10.11,10.11,10.11,10000
CCM,20140625,10.11,10.11,10.11,10.11,10000
CCM,20140623,10.11,10.11,10.11,10.11,4000
CCM,20140620,11.79,11.96,10.11,10.11,13300
CCM,20140609,10.95,10.95,10.95,10.95,1090
CCM,20140606,10.11,10.11,10.11,10.11,335
CCM,20140605,10.11,10.11,10.11,10.11,490
CCM,20140604,10.11,10.11,10.11,10.11,160
CCM,20140528,10.11,10.11,10.11,10.11,75
CCM,20140526,10.11,10.11,10.11,10.11,60
CCM,20140523,10.11,10.11,10.11,10.11,8125
CCM,20140515,9.86,9.86,9.86,9.86,200
CCM,20140513,9.86,9.86,9.86,9.86,500
CCM,20140508,9.86,9.86,9.86,9.86,5500
CCM,20140505,9.86,9.86,9.86,9.86,5000
CCM,20140424,9.86,9.86,9.86,9.86,100
CCM,20140421,10.68,10.68,9.86,9.86,900
CCM,20140418,9.86,9.86,9.86,9.86,1200
CCM,20140415,9.85,9.85,9.85,9.86,100
CCM,20140414,9.86,10.85,9.86,10.84,1200
CCM,20140411,10.44,10.44,9.86,9.86,5110
CCM,20140410,9.94,9.94,9.86,9.86,1200
CCM,20140408,9.86,9.86,9.86,9.86,200
CCM,20140407,10.27,10.27,10.27,10.27,100
CCM,20140404,10.27,10.27,10.27,10.27,100
CCM,20140402,10.27,10.27,10.27,10.27,200
CCM,20140328,9.86,9.86,9.86,9.86,200
CCM,20140325,10.11,10.27,10.11,10.27,200
CCM,20140311,9.86,9.86,9.86,9.86,2000
CCM,20140307,10.27,10.27,10.27,10.27,100
CCM,20140306,10.27,10.27,10.27,10.27,5000
CCM,20140304,9.85,9.85,9.85,9.86,500
CCM,20140303,10.11,10.11,10.11,10.10,100
CCM,20140228,9.86,9.86,9.86,9.86,100
CCM,20140225,9.86,9.86,9.86,9.86,100
CCM,20140224,9.86,9.86,9.86,9.86,100
CCM,20140221,9.86,9.86,9.86,9.86,2000
CCM,20140220,9.94,10.02,8.63,10.02,2500
CCM,20140219,9.11,9.11,9.11,9.12,10000
CCM,20140218,9.03,10.10,9.03,10.10,29100
CCM,20140217,9.28,10.11,9.28,10.02,54400
CCM,20140214,10.26,10.26,10.26,10.27,100
CCM,20140206,9.77,9.77,9.77,9.77,800
CCM,20140124,8.95,8.95,8.95,8.95,100
CCM,20140122,9.93,9.93,9.93,9.94,13200
CCM,20140121,9.44,9.93,9.03,9.03,7800
CCM,20140120,9.03,9.03,9.03,9.03,2000
CCM,20140117,8.87,8.87,8.21,8.21,5100
CCM,20140116,10.26,10.26,8.79,8.79,8000
CCM,20140114,9.69,9.69,9.69,9.69,400
CCM,20140113,8.87,8.87,8.87,8.87,2000
CCM,20140110,9.86,9.86,9.86,9.86,500
CCM,20140109,9.44,9.69,9.44,9.45,5500
CCM,20140103,8.87,8.87,8.87,8.87,5000
CCM,20131230,9.94,9.94,9.86,9.86,3300
CCM,20131227,9.86,9.86,9.86,9.86,1200
CCM,20131225,9.86,10.02,9.86,10.02,1100
CCM,20131224,9.19,9.93,9.11,9.12,2515
CCM,20131220,9.03,9.03,9.03,9.03,1110
CCM,20131218,8.22,8.22,8.22,8.21,100
CCM,20131217,9.11,9.11,9.11,9.12,400
CCM,20131213,9.03,9.03,9.03,9.03,1200
CCM,20131203,8.79,8.95,8.79,8.95,1200
CCM,20131128,8.79,8.79,8.79,8.79,100
CCM,20131120,8.79,8.79,8.79,8.79,5300
CCM,20131119,8.79,8.79,8.79,8.79,2100
CCM,20131114,8.79,8.79,8.79,8.79,900
CCM,20131113,8.05,8.05,8.05,8.05,100
CCM,20131108,8.87,8.87,8.87,8.87,300
CCM,20131107,8.13,8.13,8.13,8.13,150
CCM,20131106,9.03,9.03,9.03,9.03,800
CCM,20131030,8.87,8.87,8.21,8.21,600
CCM,20131029,8.21,8.21,8.21,8.21,400
CCM,20131025,8.71,8.71,7.48,7.47,2100
CCM,20131023,7.97,7.97,7.97,7.97,100
CCM,20131022,8.70,8.87,8.70,8.79,4100
CCM,20131018,8.13,8.13,8.13,8.13,300
CCM,20131017,8.13,8.13,7.39,7.39,300
CCM,20131016,7.39,7.39,7.39,7.39,100
CCM,20131015,8.13,8.13,8.13,8.13,815
CCM,20131014,8.13,8.13,7.39,7.39,1710
CCM,20131011,8.13,8.13,7.39,7.39,600
CCM,20131010,8.13,8.13,7.39,7.39,1700
CCM,20131009,8.13,8.13,7.39,7.39,4600
CCM,20131008,8.13,8.13,7.39,7.39,6500
CCM,20131007,8.13,8.13,7.39,7.39,2500
CCM,20131004,7.39,7.39,7.39,7.39,100
CCM,20131003,8.21,8.21,8.21,8.21,100
CCM,20131002,7.72,7.72,7.72,7.72,3000
CCM,20131001,8.05,8.54,7.06,7.06,13100
CCM,20130930,7.39,7.80,7.39,7.80,1300
CCM,20130926,7.47,7.47,7.39,7.39,5100
CCM,20130925,7.40,7.40,7.40,7.39,5500
CCM,20130924,6.82,6.82,6.82,6.82,1000
CCM,20130923,7.56,7.56,7.56,7.56,100
CCM,20130920,7.23,7.56,7.23,7.23,12900
CCM,20130918,7.23,7.64,7.23,7.64,1100
CCM,20130917,7.14,7.22,7.14,7.23,5100
CCM,20130916,6.65,6.65,6.65,6.65,300
CCM,20130913,6.81,7.39,6.73,7.39,6800
CCM,20130912,7.48,7.48,7.48,7.47,100
CCM,20130911,7.23,7.23,7.23,7.23,100
CCM,20130910,6.74,6.90,6.57,6.90,8400
CCM,20130909,6.90,6.90,6.90,6.90,5700
CCM,20130906,7.23,7.23,7.23,7.23,19000
CCM,20130904,7.23,7.23,7.23,7.23,3000
CCM,20130903,7.23,7.23,7.23,7.23,3000
CCM,20130830,7.23,7.23,7.23,7.23,1400
CCM,20130829,7.23,7.23,7.23,7.23,2500
CCM,20130828,6.90,7.23,6.90,7.23,4100
CCM,20130827,7.23,7.23,7.23,7.23,900
CCM,20130826,7.15,7.15,7.15,7.15,1000
CCM,20130823,6.90,7.23,6.90,7.23,15200
CCM,20130822,6.98,7.31,6.98,7.31,1100
CCM,20130821,7.31,7.31,7.31,7.31,2000
CCM,20130820,6.90,8.05,6.90,8.05,4000
CCM,20130819,6.90,7.39,6.90,7.39,7300
CCM,20130816,6.82,7.39,6.82,7.39,6200
CCM,20130815,6.82,6.90,6.82,6.90,2500
CCM,20130814,6.90,6.90,6.82,6.90,12200
CCM,20130813,6.82,6.98,6.82,6.90,13000
CCM,20130812,6.98,6.98,6.98,6.98,1000
CCM,20130809,7.06,7.06,7.06,7.06,5000
CCM,20130808,7.06,7.06,7.06,7.06,500
CCM,20130807,7.06,7.06,7.06,7.06,7500
CCM,20130806,7.06,7.31,7.06,7.31,4700
CCM,20130805,7.06,7.06,7.06,7.06,3000
CCM,20130802,7.07,7.39,7.07,7.39,5600
CCM,20130801,6.98,7.39,6.98,7.23,2100
CCM,20130731,7.39,7.39,7.15,7.39,14700
CCM,20130730,7.40,7.40,7.23,7.31,17300
CCM,20130729,7.39,7.55,7.39,7.56,1700
CCM,20130726,7.39,7.39,7.39,7.39,1000
CCM,20130725,7.55,7.55,6.65,6.65,700
CCM,20130724,7.39,7.39,7.31,7.39,11800
CCM,20130723,7.32,7.40,7.32,7.39,25500
CCM,20130722,7.39,7.72,6.74,6.74,1800
CCM,20130719,7.40,7.40,6.25,7.23,10500
CCM,20130718,7.23,7.23,6.57,6.74,15600
CCM,20130716,7.56,7.56,7.07,7.06,5600
CCM,20130715,7.81,7.81,7.39,7.56,1400
CCM,20130712,7.23,7.23,7.23,7.23,14100
CCM,20130711,7.40,7.40,7.23,7.23,6900
CCM,20130710,7.89,7.89,7.15,7.15,300
CCM,20130709,7.56,7.56,7.23,7.23,14100
CCM,20130708,7.80,7.97,7.56,7.97,1900
CCM,20130704,8.13,8.13,8.13,8.13,300
CCM,20130703,7.80,8.13,7.80,8.05,11400
CCM,20130702,8.13,8.21,8.13,8.21,12900
CCM,20130701,8.13,8.13,8.13,8.13,5400
CCM,20130628,8.13,8.13,7.39,7.39,4200
CCM,20130627,8.13,8.21,8.05,8.05,7000
CCM,20130626,8.13,8.21,8.05,8.21,5600
CCM,20130625,8.21,8.21,7.88,8.05,4200
CCM,20130624,8.21,8.21,8.21,8.21,100
CCM,20130621,8.38,8.38,8.13,8.13,108000
CCM,20130620,8.21,8.54,8.21,8.54,27000
CCM,20130619,8.63,8.63,8.55,8.54,9300
CCM,20130618,8.05,8.38,7.80,7.97,44100
CCM,20130617,7.96,8.54,7.88,8.54,20100
CCM,20130614,7.97,8.63,7.89,8.62,4100
CCM,20130613,8.70,8.70,8.70,8.71,100
CCM,20130612,8.05,8.55,8.05,8.54,200
CCM,20130611,7.97,8.71,7.97,8.71,300
CCM,20130610,8.79,8.79,8.79,8.79,200
CCM,20130607,8.30,8.46,8.30,8.46,2300
CCM,20130606,7.80,8.46,7.80,8.46,200
CCM,20130605,8.21,8.54,8.21,8.54,300
CCM,20130604,8.46,8.46,8.46,8.46,100
CCM,20130603,8.21,8.62,8.21,8.38,5300
CCM,20130531,7.80,8.21,7.80,8.21,400
CCM,20130530,8.46,8.46,8.46,8.46,100
CCM,20130529,8.29,8.29,8.29,8.30,500
CCM,20130528,7.80,8.13,7.47,8.13,1200
CCM,20130527,8.21,8.21,7.80,8.21,1500
CCM,20130523,7.80,8.54,7.80,8.54,600
CCM,20130515,8.63,8.63,8.63,8.62,100
CCM,20130514,8.38,8.38,7.97,8.38,1000
CCM,20130513,8.55,8.55,7.15,8.38,6900
CCM,20130510,7.80,7.97,7.64,7.97,9200
CCM,20130509,8.13,8.13,8.13,8.13,2000
CCM,20130508,8.54,8.54,7.72,8.13,2900
CCM,20130507,8.22,8.22,8.14,8.13,26000
CCM,20130506,7.97,8.30,7.97,8.30,7000
CCM,20130503,8.22,8.30,8.22,8.30,2700
CCM,20130502,8.22,8.30,8.22,8.30,2300
CCM,20130426,8.21,8.29,8.21,8.30,600
CCM,20130425,8.22,8.22,8.22,8.21,1000
CCM,20130424,7.81,8.55,7.81,8.38,2100
CCM,20130423,8.22,8.30,8.22,8.30,6100
CCM,20130422,8.62,8.62,7.88,7.89,400
CCM,20130418,8.63,8.63,8.22,8.21,2100
CCM,20130417,9.12,9.12,7.89,7.89,600
CCM,20130416,7.89,8.30,7.89,8.30,3400
CCM,20130415,8.29,8.29,8.29,8.30,100
CCM,20130412,8.62,8.62,7.72,7.72,3500
CCM,20130411,8.29,8.29,8.21,8.21,1700
CCM,20130410,9.20,9.20,7.80,7.80,1500
CCM,20130409,8.63,8.63,7.97,8.38,1100
CCM,20130405,8.63,8.63,8.30,8.38,1700
CCM,20130404,8.30,8.30,8.30,8.30,100
CCM,20130403,7.64,7.64,6.49,7.56,1600
CCM,20130402,7.31,7.31,6.73,7.31,28200
CCM,20130401,7.97,7.97,6.65,6.65,3000
CCM,20130329,6.65,7.31,6.57,7.31,3300
CCM,20130328,8.54,8.54,7.06,7.23,500
CCM,20130327,9.11,9.11,7.80,7.80,400
CCM,20130326,8.22,8.63,8.22,8.62,600
CCM,20130320,9.11,9.11,9.11,9.12,200
CCM,20130314,8.96,8.96,8.96,8.95,300
CCM,20130313,8.38,8.38,8.38,8.38,100
CCM,20130306,8.54,8.54,8.54,8.54,500
CCM,20130305,8.46,8.46,7.56,8.05,1400
CCM,20130304,8.21,8.21,7.72,7.72,1500
CCM,20130228,8.46,8.46,8.46,8.46,100
CCM,20130227,7.72,7.72,7.72,7.72,200
CCM,20130226,7.39,7.39,7.39,7.39,500
CCM,20130222,7.88,8.21,7.80,8.21,6900
CCM,20130220,8.62,8.62,7.80,8.62,1700
CCM,20130219,8.46,8.46,7.64,8.46,5200
CCM,20130218,8.46,8.46,8.46,8.46,1300
CCM,20130208,8.46,8.46,8.46,8.46,500
CCM,20130207,8.13,8.13,8.13,8.13,300
CCM,20130206,7.39,8.13,7.39,8.13,2600
CCM,20130205,8.13,8.13,7.39,8.13,6500
CCM,20130204,8.13,8.13,8.13,8.13,300
CCM,20130201,8.13,8.13,8.13,8.13,100
CCM,20130131,7.47,7.72,6.98,7.72,6800
CCM,20130130,7.80,7.80,7.72,7.72,5300
CCM,20130128,8.55,8.55,8.55,8.54,200
CCM,20130125,9.45,9.45,9.45,9.45,100
CCM,20130122,8.70,8.70,8.70,8.71,500
CCM,20130118,8.62,8.62,7.80,8.62,900
CCM,20130117,8.54,8.54,8.54,8.54,600
CCM,20130116,8.54,8.54,8.54,8.54,300
CCM,20130115,8.13,8.13,8.13,8.13,500
CCM,20130114,8.14,8.14,8.14,8.13,500
CCM,20130111,7.89,7.89,7.81,7.89,2300
CCM,20130110,7.55,7.55,7.55,7.56,700
CCM,20130109,7.97,7.97,7.47,7.47,3000
CCM,20130108,7.47,8.05,7.47,8.05,1000
CCM,20130107,6.98,7.72,6.98,7.72,6000
CCM,20130104,6.90,7.31,6.90,7.31,300
CCM,20130103,7.23,7.39,7.15,7.39,2100
CCM,20130102,7.39,7.64,7.39,7.64,500
CCM,20121228,7.23,7.23,7.23,7.23,1000
CCM,20121227,6.41,6.98,6.41,6.98,11400
CCM,20121226,6.74,6.74,6.57,6.57,600
CCM,20121225,6.57,6.57,6.40,6.41,2900
CCM,20121224,6.41,6.66,6.33,6.65,4100
CCM,20121221,6.74,6.74,6.74,6.74,500
CCM,20121220,6.49,6.49,6.49,6.49,500
CCM,20121219,6.74,6.74,6.57,6.74,2000
CCM,20121218,6.41,6.99,6.41,6.41,4700
CCM,20121217,6.74,6.74,6.74,6.74,5200
CCM,20121214,6.74,7.23,6.74,7.23,1900
CCM,20121213,6.90,7.23,6.90,7.23,600
CCM,20121212,7.23,7.64,7.23,7.64,500
CCM,20121211,7.64,7.64,7.64,7.64,600
CCM,20121210,8.21,8.21,8.21,8.21,100
CCM,20121127,8.79,8.79,8.79,8.79,200
CCM,20121122,8.71,8.71,8.54,8.54,2600
CCM,20121115,8.38,8.38,8.38,8.38,100
CCM,20121112,7.96,7.96,7.96,7.97,100
CCM,20121107,7.31,7.80,7.31,7.72,800
CCM,20121105,7.40,7.81,7.40,7.80,600
CCM,20121102,7.56,7.88,7.56,7.89,1300
CCM,20121101,8.79,8.79,7.72,8.13,1400
CCM,20121031,7.80,8.30,7.80,8.30,200
CCM,20121030,8.38,8.38,8.38,8.38,100
CCM,20121026,8.38,8.87,8.38,8.87,6100
CCM,20121025,7.97,8.95,7.97,8.95,600
CCM,20121024,8.54,8.54,8.54,8.54,1300
CCM,20121023,9.11,9.11,9.11,9.12,100
CCM,20121022,9.77,9.77,9.77,9.77,300
CCM,20121019,10.43,10.43,10.43,10.43,100
CCM,20121018,11.17,11.17,11.17,11.17,1600
CCM,20121012,11.99,11.99,11.99,11.99,100
CCM,20120824,12.81,12.81,12.81,12.81,100
CCM,20120822,11.99,11.99,11.99,11.99,100
CCM,20120821,11.33,11.33,11.33,11.33,100
CCM,20120820,11.99,11.99,10.84,10.84,1200
CCM,20120817,11.74,11.74,11.25,11.58,300
CCM,20120816,12.07,12.07,12.07,12.07,1000
CCM,20120815,12.32,12.32,11.50,11.50,200
CCM,20120814,13.88,13.88,12.32,12.32,200
CCM,20120813,13.06,13.06,13.06,13.06,100
CCM,20120810,12.24,12.24,12.24,12.24,100
CCM,20120809,11.50,11.50,11.50,11.50,100
CCM,20120808,11.50,11.50,11.50,11.50,500
CCM,20120807,11.75,11.75,11.42,11.50,1400
CCM,20120803,11.50,11.50,11.50,11.50,100
CCM,20120801,11.01,11.01,11.01,11.01,100
CCM,20120727,10.68,10.68,10.68,10.68,100
CCM,20120726,10.10,10.10,10.02,10.02,5200
CCM,20120725,10.02,10.76,10.02,10.76,1200
CCM,20120723,10.02,10.60,10.02,10.60,1600
CCM,20120720,10.67,10.67,10.02,10.60,3700
CCM,20120719,9.86,10.52,9.86,10.51,7300
CCM,20120717,9.78,9.86,9.78,9.86,600
CCM,20120716,9.86,9.86,9.86,9.86,100
CCM,20120713,9.86,9.86,9.86,9.86,500
CCM,20120712,9.20,9.86,9.20,9.86,700
CCM,20120711,9.70,9.86,9.70,9.86,1000
CCM,20120706,9.85,9.85,9.85,9.86,500
CCM,20120705,8.54,9.70,8.54,9.69,8600
CCM,20120704,9.11,9.11,9.11,9.12,5800
CCM,20120703,9.36,9.77,9.36,9.77,5100
CCM,20120702,9.61,10.02,9.61,10.02,6200
CCM,20120629,10.26,10.26,10.26,10.27,300
CCM,20120627,9.86,10.19,9.86,10.18,1500
CCM,20120626,9.61,9.86,9.61,9.86,1600
CCM,20120625,9.69,10.27,9.69,10.27,1900
CCM,20120622,10.35,10.35,10.35,10.35,200
CCM,20120621,10.02,10.43,9.86,9.86,2900
CCM,20120619,10.02,10.60,9.94,10.60,13300
CCM,20120618,10.76,10.76,10.43,10.68,800
CCM,20120615,10.68,10.68,10.68,10.68,2000
CCM,20120613,9.94,10.43,9.86,10.43,4400
CCM,20120612,10.19,10.60,10.19,10.43,800
CCM,20120611,10.52,10.76,10.52,10.76,2500
CCM,20120608,10.02,11.09,10.02,10.60,12300
CCM,20120607,9.94,10.60,9.86,10.60,10400
CCM,20120606,10.51,10.59,9.94,10.60,3700
CCM,20120605,10.59,10.59,10.43,10.51,3700
CCM,20120604,11.00,11.00,9.85,10.43,2300
CCM,20120601,10.51,10.51,10.51,10.51,200
CCM,20120531,10.27,10.27,10.10,10.10,1800
CCM,20120530,10.76,10.76,10.68,10.68,9000
CCM,20120529,10.76,10.76,10.76,10.76,1000
CCM,20120528,10.35,10.44,9.53,10.43,19600
CCM,20120525,11.01,11.01,9.86,9.86,6600
CCM,20120524,10.43,10.59,10.43,10.60,2600
CCM,20120523,10.10,10.59,10.10,10.51,5200
CCM,20120522,10.85,10.85,10.85,10.84,100
CCM,20120521,10.35,10.60,9.69,10.60,19600
CCM,20120518,10.68,10.68,10.35,10.35,14000
CCM,20120517,11.50,11.83,11.09,11.09,11000
CCM,20120516,11.17,11.91,11.17,11.91,9100
CCM,20120515,12.07,12.07,11.09,11.99,27900
CCM,20120514,12.73,12.73,11.66,11.91,36000
CCM,20120511,13.72,13.72,12.32,12.48,29500
CCM,20120510,12.89,12.89,12.48,12.90,155300
CCM,20120509,12.07,12.07,11.99,12.07,15100
CCM,20120508,11.26,11.34,11.26,11.33,10100
CCM,20120507,10.43,10.59,10.43,10.60,37200
CCM,20120504,9.53,10.02,9.53,10.02,69900
CCM,20120503,9.53,9.61,9.12,9.61,18400
CCM,20120502,9.69,9.69,9.12,9.28,8400
CCM,20120427,9.45,9.70,9.37,9.69,14900
CCM,20120426,9.19,9.44,8.87,9.45,57300
CCM,20120425,8.71,9.12,8.71,9.03,58100
CCM,20120424,8.79,8.79,8.46,8.79,18300
CCM,20120423,8.30,8.95,8.30,8.87,24400
CCM,20120420,8.70,8.95,8.46,8.46,4700
CCM,20120419,9.03,9.03,8.29,9.03,22500
CCM,20120418,9.04,9.04,8.38,9.03,44000
CCM,20120417,8.62,8.70,8.29,8.71,29400
CCM,20120416,7.97,8.21,7.80,8.21,55800
CCM,20120413,8.46,8.46,7.72,7.72,11500
CCM,20120412,8.30,8.30,7.97,8.21,10500
CCM,20120411,7.97,8.05,7.39,7.97,27500
CCM,20120410,7.55,7.96,7.31,7.72,97600
CCM,20120409,7.88,7.88,7.39,7.80,6700
CCM,20120406,8.05,8.05,7.80,7.80,14000
CCM,20120405,7.80,7.80,7.80,7.80,600
CCM,20120404,8.05,8.13,7.39,7.80,2500
CCM,20120403,8.05,8.05,7.39,7.80,2900
CCM,20120330,7.80,8.13,7.31,7.80,10000
CCM,20120329,8.79,8.79,7.81,7.80,24600
CCM,20120328,8.22,8.38,8.13,8.30,37300
CCM,20120327,7.80,7.88,7.55,7.64,45700
CCM,20120326,7.31,7.39,7.31,7.39,18200
CCM,20120323,7.06,7.39,6.73,7.23,12400
CCM,20120322,7.23,7.39,6.65,7.39,3900
CCM,20120321,6.90,6.98,6.90,6.98,9800
CCM,20120320,6.90,6.90,6.49,6.90,32900
CCM,20120319,6.74,6.82,6.41,6.41,25000
CCM,20120316,6.41,6.41,6.41,6.41,3600
CCM,20120315,5.91,6.57,5.91,6.16,6500
CCM,20120314,6.90,6.90,6.08,6.16,25900
CCM,20120313,6.41,6.82,6.41,6.41,37700
CCM,20120312,6.98,6.98,6.82,6.82,10600
CCM,20120309,7.31,7.55,7.31,7.31,13600
CCM,20120308,7.80,7.89,7.80,7.80,7300
CCM,20120307,8.95,8.95,8.37,8.38,3400
CCM,20120306,9.12,9.20,8.21,8.62,20400
CCM,20120305,8.62,8.79,8.46,8.79,64200
CCM,20120302,8.22,8.38,7.97,8.13,12000
CCM,20120301,7.97,8.05,7.56,7.64,26000
CCM,20120229,7.55,7.72,7.23,7.31,31500
CCM,20120228,6.90,7.56,6.90,7.39,80800
CCM,20120227,6.33,7.15,6.33,7.15,80800
CCM,20120224,6.74,6.74,6.66,6.74,25900
CCM,20120223,6.33,6.41,6.08,6.41,21400
CCM,20120222,5.92,6.08,5.92,6.08,13400
CCM,20120221,5.99,6.08,5.75,6.00,35500
CCM,20120220,5.42,5.83,5.42,5.83,23400
CCM,20120217,5.42,5.67,5.26,5.34,18600
CCM,20120216,5.26,5.42,5.26,5.34,30800
CCM,20120215,5.50,5.50,5.26,5.26,27400
CCM,20120214,5.51,5.51,5.34,5.34,8500
CCM,20120213,5.66,5.66,5.25,5.26,68600
CCM,20120210,5.83,5.92,5.51,5.50,86400
CCM,20120209,5.91,6.00,5.67,5.67,21800
CCM,20120208,6.00,6.00,5.67,5.75,28500
CCM,20120207,5.92,6.00,5.59,5.59,43200
CCM,20120206,5.50,5.74,5.17,5.34,27300
CCM,20120203,5.34,5.51,5.18,5.17,106200
CCM,20120202,5.09,5.26,5.09,5.26,22300
CCM,20120201,4.84,4.93,4.84,4.93,4000
CCM,20120131,5.10,5.18,5.01,5.09,25900
CCM,20120130,4.84,4.84,4.84,4.85,2600
CCM,20120120,4.60,4.69,4.44,4.68,20100
CCM,20120119,4.19,4.44,4.19,4.44,79200
CCM,20120118,4.60,4.60,4.19,4.19,59300
CCM,20120117,4.60,4.60,4.43,4.44,8200
CCM,20120116,4.60,4.69,4.52,4.68,7400
CCM,20120113,4.27,4.43,4.27,4.44,2000
CCM,20120112,4.27,4.27,4.27,4.27,500
CCM,20120111,4.44,4.44,4.11,4.11,5000
CCM,20120110,4.19,4.44,4.19,4.44,4500
CCM,20120109,4.10,4.18,4.10,4.19,4000
CCM,20120106,4.10,4.10,4.02,4.02,1600
CCM,20120105,4.27,4.27,3.95,3.94,3900
CCM,20120104,4.43,4.43,4.10,4.11,3900
CCM,20120103,4.27,4.36,4.27,4.35,6500
CCM,20111230,4.11,4.11,4.02,4.11,17100
CCM,20111229,3.53,4.02,3.53,3.86,1600
CCM,20111228,3.86,3.86,3.69,3.86,4700
CCM,20111227,3.78,3.78,3.61,3.61,76800
CCM,20111226,4.10,4.10,3.86,3.86,24600
CCM,20111223,4.27,4.35,4.10,4.35,36600
CCM,20111222,4.60,4.60,4.35,4.35,31300
CCM,20111221,4.68,4.68,4.60,4.60,2000
CCM,20111220,4.93,4.93,4.68,4.68,4400
CCM,20111219,5.59,5.59,4.93,5.01,28700
CCM,20111216,5.42,5.42,5.25,5.26,1100
CCM,20111215,5.75,5.75,5.09,5.09,43700
CCM,20111214,5.91,5.91,5.34,5.34,2500
CCM,20111213,6.07,6.07,5.50,5.50,7200
CCM,20111212,6.49,6.49,5.83,5.91,1300
CCM,20111209,6.57,6.57,5.83,6.41,3300
CCM,20111208,6.16,6.49,6.16,6.16,11000
CCM,20111207,6.57,6.57,6.57,6.57,200
CCM,20111206,6.57,6.57,6.16,6.16,3600
CCM,20111205,6.07,6.16,6.07,6.16,5300
CCM,20111202,5.75,5.91,5.67,5.91,12600
CCM,20111201,5.67,5.83,5.59,5.83,26900
CCM,20111130,5.75,5.75,5.67,5.67,23000
CCM,20111129,6.49,6.49,5.91,6.00,43100
CCM,20111128,6.24,6.49,6.24,6.49,6500
CCM,20111125,6.33,6.41,6.16,6.24,18100
CCM,20111124,6.49,6.57,6.41,6.41,2600
CCM,20111123,6.57,6.57,6.49,6.57,4000
CCM,20111122,6.41,6.57,6.24,6.24,8500
CCM,20111121,6.57,6.57,6.49,6.49,1100
CCM,20111118,6.82,6.82,6.41,6.41,19400
CCM,20111117,6.90,6.99,6.49,6.49,3800
CCM,20111116,6.73,6.82,6.73,6.74,7000
CCM,20111115,6.82,6.82,6.49,6.57,14300
CCM,20111114,7.23,7.23,6.74,6.74,12600
CCM,20111111,7.56,7.56,7.23,7.23,2900
CCM,20111110,7.39,7.39,7.14,7.15,25900
CCM,20111109,7.72,7.72,7.48,7.47,6900
CCM,20111108,7.97,7.97,7.56,7.56,5000
CCM,20111107,8.21,8.21,7.39,7.56,11900
CCM,20111104,8.62,8.62,7.72,7.72,15300
CCM,20111103,8.46,8.46,7.97,8.13,11300
CCM,20111102,8.79,8.79,8.13,8.13,44200
CCM,20111101,9.04,9.04,8.54,8.71,22200
CCM,20111031,9.61,9.61,8.70,8.79,43600
CCM,20111028,8.79,9.36,8.71,9.36,35600
CCM,20111027,9.04,9.12,8.79,8.87,27800
CCM,20111026,9.03,9.03,8.70,8.79,14500
CCM,20111025,9.11,9.11,8.54,8.62,14000
CCM,20111024,9.28,9.28,8.87,8.95,14500
CCM,20111021,9.03,9.11,8.62,9.12,18800
CCM,20111020,9.12,9.12,8.55,8.54,3500
CCM,20111019,8.79,8.87,8.63,8.71,17000
CCM,20111018,8.87,8.95,8.70,8.71,19900
CCM,20111017,9.69,9.77,8.95,8.95,15300
CCM,20111014,9.78,9.78,9.28,9.28,1400
CCM,20111013,9.53,9.53,9.53,9.53,3400
CCM,20111012,9.70,9.70,9.37,9.53,55600
CCM,20111011,9.53,9.77,9.04,9.45,234200
CCM,20111010,9.45,9.78,9.45,9.61,14300
CCM,20111007,9.44,9.93,9.44,9.94,800
CCM,20111006,9.45,9.70,9.37,9.36,19900
CCM,20111005,9.70,9.70,9.12,9.12,5000
CCM,20111004,9.86,10.10,9.04,9.45,83500
CCM,20111003,10.68,10.68,9.61,9.61,40600
CCM,20110930,10.59,10.59,10.10,10.27,2100
CCM,20110929,10.27,10.27,9.94,10.02,13600
CCM,20110928,11.33,11.33,10.43,10.43,6900
CCM,20110927,10.60,10.93,10.60,10.92,76100
CCM,20110926,10.27,10.43,10.11,10.27,38600
CCM,20110923,9.61,10.26,9.61,10.27,47000
CCM,20110922,9.69,9.77,9.20,9.77,22900
CCM,20110921,9.78,9.78,9.12,9.28,28000
CCM,20110920,9.93,9.93,9.11,9.20,18200
CCM,20110919,9.53,9.77,9.36,9.77,11200
CCM,20110916,9.69,9.69,9.36,9.61,24400
CCM,20110915,11.09,11.09,9.86,10.02,43000
CCM,20110914,11.25,11.25,10.35,10.35,31500
CCM,20110913,11.33,11.33,10.68,10.76,29200
CCM,20110912,10.76,10.84,10.60,10.76,44700
CCM,20110909,10.18,10.76,10.18,10.35,34200
CCM,20110908,10.10,10.26,9.85,10.10,49200
CCM,20110907,9.53,9.70,9.45,9.69,35700
CCM,20110906,9.04,9.53,9.04,9.12,27400
CCM,20110905,10.59,10.59,9.44,9.45,20700
CCM,20110901,9.94,10.11,9.86,10.10,31500
CCM,20110831,9.20,9.52,9.03,9.53,18100
CCM,20110830,8.62,8.95,8.62,8.95,44000
CCM,20110829,8.22,8.46,8.22,8.46,63300
CCM,20110826,7.88,8.13,7.80,7.97,64200
CCM,20110825,8.46,8.62,8.21,8.21,5700
CCM,20110824,8.46,8.46,8.21,8.21,2300
CCM,20110823,8.54,8.54,8.05,8.05,3000
CCM,20110822,8.30,8.46,8.30,8.38,9400
CCM,20110819,8.71,8.71,7.97,7.97,11100
CCM,20110818,8.54,8.54,8.30,8.38,9700
CCM,20110817,8.13,8.46,8.13,8.46,10000
CCM,20110816,7.97,7.97,7.97,7.97,100
CCM,20110815,8.38,8.38,7.56,7.56,8800
CCM,20110812,8.22,8.22,7.97,7.97,2600
CCM,20110811,8.22,8.22,7.64,7.89,10000
CCM,20110810,7.80,8.38,7.80,8.38,300
CCM,20110809,8.05,8.05,8.05,8.05,4300
CCM,20110808,8.62,8.62,8.62,8.62,100
CCM,20110805,8.21,8.21,8.21,8.21,600
CCM,20110804,8.21,8.62,8.21,8.62,7600
CCM,20110803,8.22,8.22,7.97,8.21,3500
CCM,20110802,8.05,8.13,7.88,7.89,8500
CCM,20110801,8.96,8.96,8.22,8.21,3200
CCM,20110729,9.45,9.45,8.63,8.71,9300
CCM,20110728,9.36,9.44,8.79,9.45,1300
CCM,20110727,9.86,9.86,8.87,9.28,21700
CCM,20110726,9.86,9.86,9.20,9.20,15400
CCM,20110725,10.02,10.02,9.86,9.86,2000
CCM,20110722,10.27,10.27,10.27,10.27,100
CCM,20110721,9.85,9.85,9.85,9.86,4000
CCM,20110720,10.67,10.67,10.10,10.10,700
CCM,20110719,10.02,10.19,10.02,10.18,5700
CCM,20110718,10.68,10.68,10.27,10.27,4900
CCM,20110715,9.94,10.51,9.85,10.27,600
CCM,20110714,10.51,10.51,10.51,10.51,100
CCM,20110713,10.02,10.02,10.02,10.02,1600
CCM,20110712,10.68,10.68,9.86,9.86,1300
CCM,20110711,10.11,10.11,9.94,10.02,3100
CCM,20110708,10.68,10.68,10.19,10.27,2500
CCM,20110707,11.09,11.09,10.60,10.60,900
CCM,20110706,11.09,11.09,10.02,11.01,1100
CCM,20110705,10.52,10.60,10.52,10.60,12200
CCM,20110704,10.19,10.19,9.86,9.86,1000
CCM,20110701,9.94,9.94,9.86,9.86,7700
CCM,20110630,10.59,10.59,10.35,10.35,18500
CCM,20110629,10.51,10.51,10.51,10.51,3100
CCM,20110628,10.78,10.78,9.96,10.02,19500
CCM,20110627,10.72,10.86,10.51,10.86,23100
CCM,20110624,11.42,11.42,10.51,10.51,7400
CCM,20110623,11.00,11.07,10.65,11.07,11100
CCM,20110622,11.84,11.84,11.07,11.07,10700
CCM,20110621,11.07,11.07,10.93,11.07,28000
CCM,20110620,10.72,10.72,10.02,10.72,12700
CCM,20110617,11.21,11.21,10.65,10.65,48300
CCM,20110616,10.93,11.56,10.93,11.49,25300
CCM,20110615,12.33,12.33,11.49,11.49,17000
CCM,20110614,13.17,13.17,11.70,12.12,29100
CCM,20110613,12.26,12.40,12.12,12.40,34400
CCM,20110610,11.56,11.63,11.56,11.63,52300
CCM,20110609,10.79,11.35,10.72,11.35,33800
CCM,20110608,10.86,11.00,10.37,10.65,10900
CCM,20110607,10.44,10.72,10.44,10.72,40800
CCM,20110606,10.44,10.44,9.88,9.88,14200
CCM,20110603,11.00,11.00,10.23,10.23,12000
CCM,20110602,10.23,10.30,10.23,10.30,17300
CCM,20110601,9.46,9.67,9.46,9.67,21400
CCM,20110531,9.18,9.18,8.90,9.11,13700
CCM,20110530,10.02,10.02,9.11,9.11,23200
CCM,20110527,9.39,9.81,9.11,9.81,27700
CCM,20110526,9.11,9.74,9.11,9.39,22500
CCM,20110525,9.81,9.81,9.74,9.74,21000
CCM,20110524,10.72,11.84,10.37,10.37,22600
CCM,20110523,11.91,11.91,11.00,11.00,7800
CCM,20110520,11.77,11.84,11.70,11.77,8200
CCM,20110519,12.47,12.47,11.70,11.70,2800
CCM,20110518,11.77,11.77,11.63,11.77,9100
CCM,20110517,12.47,12.61,12.40,12.40,8700
CCM,20110516,13.31,13.31,13.31,13.31,100
CCM,20110513,12.68,12.96,12.68,12.96,300
CCM,20110512,13.31,13.31,12.96,12.96,10800
CCM,20110511,13.66,13.66,12.89,13.10,4300
CCM,20110510,14.01,14.01,13.31,13.31,4400
CCM,20110509,13.66,13.94,13.66,13.94,4300
CCM,20110506,14.01,14.01,13.66,13.66,1800
CCM,20110505,13.10,13.52,13.10,13.17,10600
CCM,20110504,14.01,14.01,13.94,14.01,1800
CCM,20110429,13.31,14.43,13.31,13.73,3200
CCM,20110428,14.71,14.92,14.01,14.08,11700
CCM,20110427,13.31,14.08,13.31,13.94,17500
CCM,20110426,13.31,13.31,13.10,13.17,13500
CCM,20110425,13.17,13.17,13.17,13.17,7400
CCM,20110422,12.61,13.24,12.19,12.19,10900
CCM,20110421,12.82,12.82,12.61,12.61,1400
CCM,20110420,13.45,13.45,12.68,12.75,3800
CCM,20110419,13.87,13.87,12.61,12.61,15900
CCM,20110418,13.45,13.45,12.96,13.17,29500
CCM,20110415,14.15,14.15,13.66,13.66,28100
CCM,20110414,14.64,14.64,13.80,14.29,16100
CCM,20110413,14.22,14.22,14.01,14.08,13600
CCM,20110408,14.64,15.41,14.64,14.71,26500
CCM,20110407,15.41,15.41,14.57,14.99,12100
CCM,20110406,15.27,15.76,14.78,15.27,25200
CCM,20110405,15.34,15.34,15.06,15.20,8600
CCM,20110404,16.25,16.25,15.27,15.27,81200
CCM,20110401,16.81,16.81,15.76,16.04,49800
CCM,20110331,15.62,15.76,15.55,15.76,117400
CCM,20110330,15.41,15.41,14.43,15.41,82100
CCM,20110329,14.01,14.85,14.01,14.85,19200
CCM,20110328,12.96,14.36,12.96,13.94,16600
CCM,20110325,14.36,14.50,13.59,13.87,25000
CCM,20110324,14.57,14.71,14.29,14.29,21500
CCM,20110323,14.43,14.92,14.43,14.57,3400
CCM,20110322,14.36,15.20,14.22,14.29,11800
CCM,20110321,15.55,15.69,15.06,15.34,4700
CCM,20110318,14.99,14.99,14.50,14.99,14200
CCM,20110317,14.64,14.78,13.59,14.64,9000
CCM,20110316,14.43,14.43,13.87,14.22,7700
CCM,20110315,13.87,14.29,13.31,13.38,7800
CCM,20110314,13.45,14.08,13.38,14.08,18600
CCM,20110311,14.29,14.43,14.01,14.43,10100
CCM,20110310,13.03,13.73,13.03,13.73,28100
CCM,20110309,12.89,13.38,12.75,12.82,14400
CCM,20110308,14.15,14.15,13.52,13.73,19900
CCM,20110307,14.08,14.08,13.73,13.73,2600
CCM,20110304,14.15,14.15,13.31,13.38,28100
CCM,20110303,14.36,14.36,13.66,13.66,30500
CCM,20110302,15.90,15.90,14.43,14.43,56600
CCM,20110301,14.92,15.83,14.92,15.62,7900
CCM,20110228,16.39,16.39,15.41,15.41,30000
CCM,20110225,15.41,15.90,15.34,15.90,24100
CCM,20110224,15.06,15.76,14.71,15.06,20400
CCM,20110223,15.48,16.74,15.27,16.11,32700
CCM,20110222,17.23,17.44,16.04,16.04,28500
CCM,20110221,18.07,18.07,16.81,16.81,28400
CCM,20110218,18.70,18.70,17.51,17.72,20800
CCM,20110217,19.05,19.05,18.21,18.21,12200
CCM,20110216,19.05,19.19,18.56,18.63,15500
CCM,20110215,18.56,18.91,18.56,18.91,3100
CCM,20110214,19.33,19.54,18.42,18.91,14600
CCM,20110211,18.28,18.98,18.21,18.42,9700
CCM,20110210,19.47,19.47,18.28,18.28,11000
CCM,20110209,19.61,19.61,18.07,18.14,32200
CCM,20110208,19.54,19.54,18.42,18.49,14100
CCM,20110128,19.82,19.96,19.26,19.68,32000
CCM,20110127,19.89,20.17,19.05,19.61,19500
CCM,20110126,19.61,19.61,18.56,18.77,30300
CCM,20110125,19.47,20.52,19.05,19.12,20800
CCM,20110124,19.82,20.31,19.33,19.33,30600
CCM,20110121,21.71,21.92,20.52,20.52,86700
CCM,20110120,21.15,22.27,21.15,21.71,108200
CCM,20110119,19.61,21.01,19.61,21.01,85900
CCM,20110118,19.75,20.24,19.33,19.61,23300
CCM,20110117,19.05,19.75,19.05,19.75,37600
CCM,20110114,18.21,18.84,18.00,18.49,52400
CCM,20110113,17.93,18.49,17.93,18.14,14200
CCM,20110112,17.79,18.63,17.79,17.93,9000
CCM,20110111,17.79,18.14,17.44,17.51,11900
CCM,20110110,18.14,18.42,17.79,18.21,21600
CCM,20110107,18.28,18.84,18.21,18.21,13100
CCM,20110106,18.21,18.35,18.21,18.35,10900
CCM,20110105,18.35,18.35,18.07,18.28,11700
CCM,20110104,18.70,18.91,18.42,18.49,18400
CCM,20101231,18.91,18.91,18.28,18.91,18700
CCM,20101230,18.98,18.98,18.35,18.84,15100
CCM,20101229,18.91,18.91,18.35,18.35,10500
CCM,20101228,17.79,19.05,17.79,19.05,26300
CCM,20101227,17.86,18.21,17.51,17.72,33300
CCM,20101224,17.51,18.49,17.51,18.14,16800
CCM,20101223,17.93,18.91,17.51,17.51,29000
CCM,20101222,19.05,19.05,18.28,18.28,5700
CCM,20101221,18.98,19.26,18.77,18.91,33200
CCM,20101220,19.61,20.80,19.54,19.61,28500
CCM,20101217,18.70,20.45,18.70,20.10,34200
CCM,20101216,19.54,19.54,19.47,19.47,54100
CCM,20101215,21.71,22.06,20.66,20.66,72000
CCM,20101214,22.20,24.16,22.06,22.06,80400
CCM,20101213,23.60,23.67,23.60,23.67,34900
CCM,20101210,21.71,22.55,21.15,22.55,96000
CCM,20101209,21.36,21.85,20.45,21.36,76100
CCM,20101208,23.04,23.11,21.57,21.57,63300
CCM,20101207,23.25,23.25,21.92,22.69,154000
CCM,20101206,21.71,21.85,21.22,21.85,82200
CCM,20101203,19.96,20.59,19.96,20.59,87700
CCM,20101202,19.61,19.61,18.28,19.33,64400
CCM,20101201,20.66,20.66,18.77,18.84,43100
CCM,20101130,19.61,19.75,19.33,19.75,173500
CCM,20101129,17.51,18.98,17.51,18.98,105500
CCM,20101126,17.86,18.14,17.51,17.72,70700
CCM,20101125,17.65,18.21,17.51,17.58,24100
CCM,20101124,17.37,17.86,16.11,17.65,19100
CCM,20101123,16.11,16.81,16.11,16.81,15700
CCM,20101122,15.41,16.04,15.41,15.76,2700
CCM,20101119,16.46,16.53,16.39,16.46,56100
CCM,20101118,15.76,16.74,15.76,16.74,14100
CCM,20101117,14.64,16.11,14.64,16.11,20300
CCM,20101116,15.41,15.55,14.92,15.55,9500
CCM,20101115,15.06,16.32,15.06,16.04,11700
CCM,20101112,15.90,15.90,15.83,15.90,42200
CCM,20101111,17.16,18.49,16.81,16.81,19300
CCM,20101110,18.14,18.91,17.93,17.93,18300
CCM,20101109,19.96,19.96,19.12,19.12,19700
CCM,20101108,21.71,22.55,19.82,19.96,39300
CCM,20101105,22.06,22.06,20.66,20.66,23300
CCM,20101104,21.01,21.29,21.01,21.01,5900
CCM,20101103,21.29,21.29,19.96,20.52,8300
CCM,20101102,21.85,22.34,20.31,20.31,16500
CCM,20101101,20.66,22.20,20.66,20.94,8200
CCM,20101029,21.71,21.71,21.36,21.36,18900
CCM,20101028,23.32,23.32,21.71,21.78,12300
CCM,20101027,23.46,23.46,22.06,23.04,15400
CCM,20101026,23.46,23.60,23.11,23.60,24900
CCM,20101025,21.57,23.04,20.45,23.04,22500
CCM,20101022,21.78,21.85,21.50,21.64,15500
CCM,20101021,23.11,24.30,22.69,22.69,18500
CCM,20101020,25.21,25.21,24.02,24.02,9100
CCM,20101019,26.69,26.69,25.29,25.56,36600
CCM,20101018,27.32,27.32,27.04,27.04,15400
CCM,20101015,27.67,27.95,27.39,27.39,40400
CCM,20101014,27.95,27.95,27.60,27.67,36600
CCM,20101013,28.16,28.16,27.32,27.32,27600
CCM,20101012,28.65,28.65,27.67,27.88,32800
CCM,20101011,28.02,28.23,28.02,28.02,23400
CCM,20101008,28.58,28.86,27.81,28.02,92000
CCM,20101007,28.72,28.79,28.37,28.37,17900
CCM,20101006,29.07,29.42,28.23,29.07,35600
CCM,20101005,28.37,32.15,28.37,28.37,198900
CCM,20101004,32.15,32.15,30.19,30.19,30800
CCM,20101001,32.92,32.92,31.38,31.38,61600
CCM,20100930,32.92,33.62,32.50,32.57,45900
CCM,20100929,34.67,35.37,33.34,33.34,226500
CCM,20100928,31.52,33.34,31.52,32.08,69700
CCM,20100927,31.52,31.80,30.82,31.52,48600
CCM,20100924,30.33,31.38,30.33,30.47,29800
CCM,20100923,31.10,31.10,29.42,31.03,60100
CCM,20100922,31.59,31.66,31.03,31.31,40300
CCM,20100921,32.85,32.85,31.24,31.52,50600
CCM,20100920,32.92,32.99,32.01,32.36,36900
CCM,20100917,31.87,33.62,31.59,31.80,47400
CCM,20100916,31.87,32.22,30.47,32.22,59800
CCM,20100915,32.22,32.99,31.52,31.87,61900
CCM,20100914,30.12,32.22,30.12,31.52,58100
CCM,20100913,33.20,33.20,31.52,31.52,63800
CCM,20100910,34.39,35.02,32.85,32.85,54500
CCM,20100909,38.10,38.10,34.32,34.81,35900
CCM,20100908,38.17,38.17,35.58,35.72,70100
CCM,20100907,38.52,39.08,36.56,38.87,131100
CCM,20100906,36.56,36.56,36.42,36.56,168600
CCM,20100901,34.32,35.02,33.62,35.02,113500
CCM,20100831,33.97,33.97,33.27,33.27,8900
CCM,20100830,30.82,34.88,30.82,32.92,7100
CCM,20100827,31.52,35.44,31.52,31.52,38300
CCM,20100826,33.83,33.83,33.83,33.83,7000
CCM,20100825,36.42,36.42,34.32,34.32,5200
CCM,20100824,36.00,36.98,36.00,36.00,5800
CCM,20100823,40.06,40.27,37.26,37.26,11500
CCM,20100820,40.55,40.55,37.12,38.52,25000
CCM,20100819,39.71,39.71,39.71,39.71,100
CCM,20100818,43.42,43.42,38.66,38.66,23200
CCM,20100817,39.43,42.72,39.43,40.13,11000
CCM,20100816,41.25,41.25,38.24,39.92,33000
CCM,20100813,42.37,42.37,37.96,37.96,2500
CCM,20100812,40.76,40.76,40.76,40.76,600
CCM,20100811,44.05,44.05,42.02,42.02,11000
CCM,20100810,43.77,43.77,40.34,40.34,21600
CCM,20100809,44.75,44.75,40.48,40.48,1500
CCM,20100806,44.12,44.12,40.97,41.32,14500
CCM,20100805,44.05,44.05,41.32,41.32,2800
CCM,20100804,42.73,42.73,42.38,42.72,4800
CCM,20100803,45.53,45.53,45.53,45.53,400
CCM,20100802,42.73,44.76,42.73,44.13,13000
CCM,20100730,43.64,46.37,43.64,45.18,33800
CCM,20100729,45.52,45.52,42.72,44.69,10800
CCM,20100728,47.56,47.56,42.87,42.86,38400
CCM,20100727,46.16,46.86,45.39,45.53,144500
CCM,20100726,46.23,46.23,42.87,45.53,98500
CCM,20100723,46.22,46.22,45.52,45.67,77500
CCM,20100722,43.21,43.21,43.14,43.21,80500
CCM,20100721,40.41,40.41,40.41,40.41,7000
CCM,20100720,36.07,38.10,36.07,38.10,65800
CCM,20100719,34.32,36.14,34.32,35.79,39100
CCM,20100716,33.62,35.58,32.92,34.32,77000
CCM,20100715,33.13,34.32,33.13,34.32,28000
CCM,20100714,33.97,34.11,32.92,34.11,25400
CCM,20100713,36.21,36.21,34.04,36.21,52400
CCM,20100712,33.76,34.60,33.69,33.69,36400
CCM,20100709,33.69,33.76,33.69,33.76,9400
CCM,20100708,36.77,36.77,34.04,34.32,27100
CCM,20100707,34.46,34.46,34.32,34.32,10300
CCM,20100706,36.07,36.07,34.53,34.53,13900
CCM,20100705,36.42,37.12,33.69,37.05,35200
CCM,20100702,35.02,35.16,35.02,35.16,25100
CCM,20100701,34.32,36.21,32.36,35.93,61900
CCM,20100630,38.31,38.31,34.11,35.37,35500
CCM,20100629,35.37,35.86,35.37,35.86,112700
CCM,20100628,32.57,35.02,32.57,35.02,26800
CCM,20100625,33.62,35.02,33.62,35.02,39100
CCM,20100624,35.09,36.42,35.09,36.35,1500
CCM,20100623,33.62,37.40,33.62,36.42,74600
CCM,20100622,35.02,36.42,35.02,36.42,60200
CCM,20100621,39.92,40.34,36.07,37.82,68100
CCM,20100618,36.07,37.82,36.07,37.82,76200
CCM,20100617,33.27,35.93,33.06,35.93,156100
CCM,20100616,33.20,34.67,33.20,33.97,66900
CCM,20100615,34.18,34.18,32.92,33.27,18100
CCM,20100614,31.73,34.88,31.66,32.92,76500
CCM,20100611,32.92,33.27,32.22,32.92,103600
CCM,20100610,34.67,34.67,32.78,32.92,92500
CCM,20100609,36.42,37.40,33.55,34.32,59300
CCM,20100608,33.97,35.65,32.57,35.65,121400
CCM,20100607,30.12,33.83,30.12,33.83,173600
CCM,20100604,34.95,34.95,31.24,32.15,97100
CCM,20100603,32.92,33.06,32.85,33.06,226500
CCM,20100602,29.42,31.24,29.42,31.24,173100
CCM,20100601,28.72,29.42,28.72,29.28,16200
CCM,20100531,29.42,29.77,29.42,29.56,35400
CCM,20100528,29.91,31.03,29.77,30.54,33200
CCM,20100527,29.07,29.35,29.07,29.07,41500
CCM,20100526,28.93,29.77,28.72,29.35,24700
CCM,20100525,28.72,29.70,28.72,29.07,73000
CCM,20100524,29.98,30.05,28.72,29.42,120200
CCM,20100521,29.07,29.07,28.86,28.86,92800
CCM,20100520,32.22,32.22,30.05,30.05,66400
CCM,20100519,28.44,31.24,28.44,31.24,406900
CCM,20100518,28.79,29.70,28.44,29.42,151800
CCM,20100517,29.56,29.56,27.53,28.72,144000
CCM,20100514,29.63,29.70,29.35,29.42,74700
CCM,20100513,28.37,30.40,28.37,29.49,129800
CCM,20100512,29.14,29.77,28.79,29.35,185200
CCM,20100511,31.52,31.87,30.19,31.03,96900
CCM,20100510,29.84,30.82,29.49,30.47,202900
CCM,20100507,32.22,32.22,30.19,30.40,226800
CCM,20100506,31.38,33.62,31.38,32.71,287300
CCM,20100505,32.08,32.71,31.17,31.52,116600
CCM,20100504,32.92,33.27,32.29,32.29,160400
CCM,20100429,34.67,34.81,32.85,33.13,212300
CCM,20100428,35.79,36.00,33.62,34.32,305300
CCM,20100427,32.57,33.83,32.22,33.83,294600
CCM,20100426,31.59,32.15,31.17,32.08,255400
CCM,20100422,32.92,32.92,31.17,31.45,109100
CCM,20100421,33.27,34.32,32.22,32.85,132900
CCM,20100420,30.82,32.71,30.82,32.71,252900
CCM,20100419,31.80,31.80,29.77,30.68,189500
CCM,20100416,32.85,33.27,31.17,31.59,189700
CCM,20100415,33.62,33.62,32.29,32.92,118400
CCM,20100414,32.92,33.27,31.52,33.13,171900
CCM,20100413,32.92,32.92,30.89,31.38,234700
CCM,20100412,33.27,33.62,33.06,33.06,171500
CCM,20100409,33.69,36.63,33.62,34.95,345300
CCM,20100408,35.02,35.72,32.99,34.53,202900
CCM,20100407,36.21,36.21,33.83,34.67,346100
CCM,20100406,33.90,33.90,33.90,33.90,42700
CCM,20100405,30.47,31.80,30.12,31.80,340600
CCM,20100402,30.12,30.12,29.35,29.98,116500
CCM,20100401,30.12,30.82,29.14,29.21,162900
CCM,20100331,32.92,32.92,29.42,30.47,153300
CCM,20100330,31.10,31.10,30.82,31.10,319400
CCM,20100329,28.72,29.07,28.72,29.07,224900
CCM,20100326,27.32,27.95,26.13,27.88,202300
CCM,20100325,26.12,26.12,26.05,26.13,195500
CCM,20100324,25.14,25.14,23.81,24.51,44500
CCM,20100323,24.51,24.93,24.02,24.37,16100
CCM,20100322,25.14,25.14,23.95,24.23,11000
CCM,20100319,25.70,25.70,24.02,24.09,22100
CCM,20100318,24.65,25.21,24.16,24.79,14500
CCM,20100317,26.19,26.19,24.16,24.16,19000
CCM,20100316,26.34,26.34,24.52,24.72,54400
CCM,20100315,25.91,27.24,25.56,26.34,58100
CCM,20100312,26.26,26.26,25.35,25.70,44500
CCM,20100311,25.91,25.91,25.21,25.21,16700
CCM,20100310,25.92,25.92,25.22,25.56,19800
CCM,20100309,26.13,26.97,26.13,26.62,34000
CCM,20100308,26.54,26.68,25.91,26.62,46300
CCM,20100305,25.91,26.19,24.58,25.91,53700
CCM,20100304,24.93,25.98,24.93,25.21,57300
CCM,20100303,24.44,24.86,23.95,24.79,19100
CCM,20100302,24.51,24.51,23.67,23.81,19200
CCM,20100301,23.74,24.51,23.11,24.51,30300
CCM,20100226,23.53,23.53,22.55,22.97,5700
CCM,20100225,22.76,22.76,22.55,22.76,3000
CCM,20100224,22.62,23.11,21.85,23.11,9700
CCM,20100223,22.76,23.04,22.20,22.90,10700
CCM,20100222,24.23,24.23,22.83,23.60,14500
CCM,20100212,24.09,24.09,24.09,24.09,100
CCM,20100211,23.46,23.74,23.11,23.11,7500
CCM,20100210,22.97,23.46,22.41,22.97,11600
CCM,20100209,22.55,22.55,21.85,21.85,23800
CCM,20100208,22.83,22.97,22.41,22.90,28500
CCM,20100205,23.46,23.46,22.41,23.11,11800
CCM,20100204,23.46,23.53,23.18,23.46,20200
CCM,20100203,23.46,23.46,22.41,23.25,13800
CCM,20100202,22.55,23.11,22.20,23.04,17500
CCM,20100201,23.67,23.81,23.67,23.81,4000
CCM,20100129,23.11,23.11,23.11,23.11,3100
CCM,20100128,23.81,23.81,22.90,23.74,12000
CCM,20100127,25.21,25.84,23.39,24.79,37500
CCM,20100126,24.79,24.93,24.65,24.93,23800
CCM,20100125,23.60,23.60,23.11,23.32,700
CCM,20100122,22.41,23.46,21.43,22.41,28500
CCM,20100121,25.07,25.07,22.13,22.41,29600
CCM,20100120,25.14,25.14,22.69,23.81,18500
CCM,20100119,24.09,25.00,24.09,24.51,7700
CCM,20100118,26.06,26.06,24.03,24.16,40300
CCM,20100115,26.26,26.40,24.86,26.41,77700
CCM,20100114,24.72,24.79,24.51,24.79,50200
CCM,20100113,24.37,24.86,22.41,23.95,26500
CCM,20100112,23.95,24.44,23.04,23.32,59100
CCM,20100111,25.21,25.35,24.02,24.44,65700
CCM,20100108,26.96,27.17,25.00,25.28,52300
CCM,20100107,28.02,28.02,26.06,26.05,60000
CCM,20100106,28.16,28.86,27.04,27.32,34300
CCM,20100105,28.23,28.23,27.67,28.23,176300
CCM,20100104,26.19,26.47,26.19,26.48,7000
CCM,20091231,24.16,24.93,24.16,24.16,72900
CCM,20091230,22.76,23.74,22.76,23.53,66300
CCM,20091229,24.51,24.51,21.92,21.92,16400
CCM,20091228,23.11,24.23,22.06,23.74,42800
CCM,20091225,22.76,23.04,22.76,23.04,55300
CCM,20091224,21.01,22.76,21.01,22.41,102900
CCM,20091223,22.76,22.76,20.94,21.99,32800
CCM,20091222,21.71,22.41,21.36,21.43,8100
CCM,20091221,21.01,21.78,21.01,21.78,43400
CCM,20091218,19.75,21.08,19.75,21.08,59200
CCM,20091217,19.82,19.82,19.75,19.75,16400
CCM,20091216,21.43,21.43,21.15,21.15,5400
CCM,20091215,22.97,23.11,22.06,22.41,10200
CCM,20091214,20.87,22.76,20.87,22.41,27300
CCM,20091211,22.55,22.55,22.41,22.41,93300
CCM,20091210,24.30,24.30,24.09,24.09,24200
CCM,20091209,25.99,25.99,25.85,25.84,14200
CCM,20091208,28.02,28.02,26.69,26.69,1500
CCM,20091207,28.02,29.35,28.02,29.35,10300
CCM,20091204,28.23,29.42,28.16,28.30,11500
CCM,20091203,30.82,30.82,30.05,30.05,5500
CCM,20091202,30.82,31.03,30.82,31.03,4000
CCM,20091201,30.82,31.52,30.82,30.82,9500
CCM,20091130,29.42,30.12,28.72,30.12,17200
CCM,20091127,27.88,30.47,27.81,29.42,16000
CCM,20091126,29.84,29.84,29.84,29.84,6900
CCM,20091125,32.29,32.29,32.01,32.01,15100
CCM,20091124,34.67,34.67,34.32,34.46,7500
CCM,20091123,32.92,35.58,32.64,35.58,74700
CCM,20091120,33.47,35.02,33.13,35.02,56900
CCM,20091119,32.45,33.06,32.45,32.59,16200
CCM,20091118,31.71,33.06,31.10,32.45,5600
CCM,20091117,33.06,33.06,30.76,31.78,12000
CCM,20091116,33.13,33.13,32.79,32.79,11800
CCM,20091113,32.18,33.73,31.77,32.86,11100
CCM,20091112,32.11,33.33,32.11,32.11,7400
CCM,20091111,31.77,32.79,30.42,31.57,15100
CCM,20091110,33.26,33.26,31.16,31.30,34900
CCM,20091109,34.81,34.81,33.26,33.26,16500
CCM,20091106,36.17,36.17,35.50,35.49,126400
CCM,20091105,35.16,36.51,35.02,36.51,20500
CCM,20091104,35.43,35.56,34.21,34.55,45200
CCM,20091103,37.86,37.86,34.28,34.48,82000
CCM,20091102,36.17,37.19,36.11,36.17,97900
CCM,20091030,39.82,40.36,37.92,38.54,34600
CCM,20091029,39.34,39.88,37.18,38.60,71000
CCM,20091028,38.88,39.42,38.88,39.41,112000
CCM,20091027,38.20,38.20,35.83,38.20,72500
CCM,20091026,38.06,38.06,35.49,36.51,57100
CCM,20091023,37.93,38.81,35.83,37.18,83000
CCM,20091022,38.54,39.22,37.86,39.08,51300
CCM,20091021,38.67,39.48,38.54,38.54,44400
CCM,20091020,38.53,40.49,37.86,39.89,125200
CCM,20091019,37.86,38.87,37.18,37.79,27300
CCM,20091016,42.25,42.72,37.52,37.86,101000
CCM,20091015,40.70,41.24,39.15,39.14,87300
CCM,20091014,38.53,40.56,37.86,40.23,110300
CCM,20091013,41.24,41.24,38.27,39.21,44200
CCM,20091012,41.71,41.71,40.56,40.97,135500
CCM,20091009,39.15,39.15,38.54,39.14,105400
CCM,20091008,36.78,36.78,35.83,36.78,285200
CCM,20091007,33.81,34.48,33.81,34.48,50700
CCM,20091006,31.78,32.79,31.44,32.59,101500
CCM,20091005,31.17,31.51,30.76,31.10,42500
CCM,20091002,31.50,32.79,30.96,32.79,59800
CCM,20091001,34.15,34.15,32.52,32.65,31900
CCM,20090930,37.25,37.25,33.47,33.74,72400
CCM,20090929,36.51,36.51,34.48,34.82,53100
CCM,20090928,38.88,38.88,35.84,36.17,81200
CCM,20090925,36.58,36.58,35.84,36.58,100900
CCM,20090924,32.18,35.76,32.18,35.16,131000
CCM,20090923,34.48,34.82,33.00,32.99,97900
CCM,20090922,36.17,36.31,33.47,33.47,40400
CCM,20090921,34.00,34.00,33.80,34.01,85900
CCM,20090918,31.84,31.84,31.30,31.84,128900
CCM,20090917,29.81,29.81,29.81,29.81,11900
CCM,20090916,27.72,29.08,27.72,28.12,50600
CCM,20090915,30.56,30.56,28.87,28.94,24400
CCM,20090914,28.93,30.42,28.87,29.34,43300
CCM,20090911,29.07,29.07,28.80,29.07,16800
CCM,20090910,30.43,30.43,28.40,28.60,71800
CCM,20090909,31.84,31.84,29.74,29.75,55900
CCM,20090908,29.81,29.81,29.81,29.81,16700
CCM,20090907,27.72,29.07,27.31,29.07,60500
CCM,20090904,27.72,28.40,26.71,27.38,40800
CCM,20090903,26.37,28.40,26.03,28.06,61100
CCM,20090901,27.52,28.26,26.03,27.72,42900
CCM,20090831,27.72,27.72,27.05,27.72,32200
CCM,20090828,26.03,26.77,25.76,26.37,64700
CCM,20090827,25.82,25.82,24.74,25.69,10800
CCM,20090826,25.69,25.96,25.15,25.96,31200
CCM,20090825,26.37,26.37,25.02,25.01,38900
CCM,20090824,27.85,27.85,26.36,26.37,10300
CCM,20090821,26.37,27.04,26.37,27.04,68500
CCM,20090820,25.83,25.83,25.02,25.69,11900
CCM,20090819,25.69,26.10,25.69,26.03,10300
CCM,20090818,26.37,26.57,25.69,26.30,9200
CCM,20090817,27.04,27.04,25.76,25.76,12500
CCM,20090814,29.20,29.20,25.69,27.31,49400
CCM,20090813,27.32,27.32,27.32,27.31,27100
CCM,20090812,25.55,25.55,25.55,25.56,64200
CCM,20090811,23.59,24.27,22.98,24.27,26200
CCM,20090810,22.24,23.12,22.24,23.12,14700
CCM,20090807,23.33,23.33,22.18,22.31,18800
CCM,20090806,23.67,23.67,22.99,22.99,7100
CCM,20090805,23.33,23.80,22.18,22.99,21300
CCM,20090804,25.69,25.69,22.78,22.92,8200
CCM,20090803,24.60,24.60,23.05,24.34,87300
CCM,20090731,23.06,23.06,22.99,23.05,27400
CCM,20090730,21.57,21.57,21.57,21.57,26900
CCM,20090729,19.54,21.23,19.54,21.23,9900
CCM,20090728,19.94,20.28,19.40,19.40,4600
CCM,20090727,21.63,21.83,20.28,20.28,5700
CCM,20090724,20.35,20.55,20.35,20.55,6000
CCM,20090723,18.18,19.67,18.18,19.67,12100
CCM,20090722,18.39,18.45,18.32,18.32,4500
CCM,20090721,18.59,18.59,18.25,18.25,4500
CCM,20090720,18.25,18.59,18.25,18.32,5500
CCM,20090717,18.66,19.61,18.66,18.86,2100
CCM,20090716,19.61,19.61,18.93,19.20,5100
CCM,20090715,18.73,18.73,18.73,18.73,5400
CCM,20090714,18.79,18.79,18.66,18.66,1300
CCM,20090713,18.66,19.94,18.59,18.59,5500
CCM,20090710,19.13,19.13,18.93,18.93,3100
CCM,20090709,19.61,19.61,19.27,19.27,9900
CCM,20090708,19.47,20.28,19.47,19.61,2200
CCM,20090707,20.96,20.96,20.35,20.35,6800
CCM,20090706,20.21,20.42,20.21,20.42,13300
CCM,20090703,17.64,19.47,17.64,19.47,5800
CCM,20090702,18.66,18.66,17.92,18.25,14000
CCM,20090701,18.66,18.93,18.25,18.46,31700
CCM,20090630,21.16,21.16,18.93,18.93,16200
CCM,20090629,20.28,20.28,19.94,19.94,11900
CCM,20090626,20.35,20.96,20.28,20.62,19500
CCM,20090625,21.97,21.97,20.28,20.28,8200
CCM,20090624,20.69,22.11,20.69,22.11,10800
CCM,20090623,20.69,20.69,20.69,20.69,3500
CCM,20090622,22.38,22.38,22.11,22.11,3500
CCM,20090619,24.40,24.40,23.12,23.73,16100
CCM,20090618,22.64,23.66,22.64,23.32,3900
CCM,20090617,22.65,23.32,21.63,23.32,19400
CCM,20090616,22.65,23.66,21.97,22.31,24500
CCM,20090615,23.66,23.66,22.58,22.58,22100
CCM,20090612,26.03,26.03,23.73,23.80,48900
CCM,20090611,25.62,25.62,25.15,25.49,12500
CCM,20090610,26.70,26.70,24.34,24.34,22300
CCM,20090609,27.58,27.58,25.69,25.89,16700
CCM,20090608,27.24,28.39,26.56,28.39,80700
CCM,20090605,26.50,27.38,26.16,26.70,45700
CCM,20090604,25.36,26.24,25.36,26.16,41500
CCM,20090603,24.68,25.02,24.34,24.68,45200
CCM,20090602,25.69,25.69,24.34,25.56,38300
CCM,20090601,26.03,27.18,24.61,25.49,31900
CCM,20090529,26.02,26.02,24.67,25.35,44700
CCM,20090528,22.99,24.48,22.99,24.47,41400
CCM,20090527,22.99,23.66,22.58,22.99,8900
CCM,20090526,23.67,23.67,22.31,22.65,6500
CCM,20090525,23.33,23.80,21.98,23.53,39500
CCM,20090522,24.34,24.34,22.72,22.72,24900
CCM,20090521,25.01,25.01,23.73,23.73,21200
CCM,20090520,25.02,25.36,24.34,25.35,59900
CCM,20090519,23.80,23.80,23.59,23.80,12300
CCM,20090518,22.52,22.58,21.16,22.58,19900
CCM,20090515,20.76,21.30,20.01,21.30,17000
CCM,20090514,20.96,21.09,19.74,19.81,22400
CCM,20090513,21.23,21.29,20.96,21.16,15100
CCM,20090512,20.28,22.11,19.95,21.97,17100
CCM,20090511,21.63,22.98,20.95,20.96,10300
CCM,20090508,23.12,23.66,21.37,21.36,25300
CCM,20090507,22.92,22.99,22.65,22.65,14800
CCM,20090506,22.65,24.00,22.65,22.65,7500
CCM,20090505,24.40,24.40,23.66,23.66,23400
CCM,20090504,22.72,23.05,21.63,23.05,39200
CCM,20090429,21.77,21.77,20.62,20.62,600
CCM,20090428,20.95,21.02,18.99,20.89,43100
CCM,20090427,19.67,19.67,19.67,19.67,10700
CCM,20090424,18.39,18.39,18.39,18.39,5000
CCM,20090423,17.24,17.24,17.24,17.24,10000
CCM,20090422,15.55,16.23,15.55,16.23,18500
CCM,20090421,15.15,15.62,15.15,15.55,33200
CCM,20090420,16.22,16.22,16.22,16.23,4500
CCM,20090417,18.25,18.25,17.17,17.17,16900
CCM,20090416,21.03,21.03,18.33,18.32,57700
CCM,20090415,20.28,21.63,19.61,19.61,22300
CCM,20090414,21.16,21.16,18.46,21.16,64000
CCM,20090413,19.80,19.80,19.80,19.81,3200
CCM,20090410,18.52,18.52,18.52,18.52,20700
CCM,20090409,17.38,17.38,17.38,17.37,1000
CCM,20090408,16.42,16.42,15.55,16.43,71900
CCM,20090407,15.42,15.42,15.42,15.41,11700
CCM,20090403,14.47,14.47,14.47,14.47,11900
CCM,20090402,13.52,13.52,13.52,13.52,6200
CCM,20090401,12.64,12.64,12.64,12.64,8700
CCM,20090331,11.35,12.10,11.35,12.10,15100
CCM,20090330,11.36,11.49,11.29,11.49,5600
CCM,20090327,11.77,11.77,11.16,11.22,14700
CCM,20090326,11.49,11.49,11.09,11.16,26100
CCM,20090325,10.95,11.63,10.95,11.56,2400
CCM,20090324,11.77,11.77,11.36,11.63,7800
CCM,20090323,11.23,11.23,11.09,11.09,14500
CCM,20090320,12.24,12.31,11.70,11.97,10000
CCM,20090319,12.44,12.44,11.83,12.17,40400
CCM,20090318,11.09,11.77,11.09,11.76,30600
CCM,20090317,10.81,11.15,10.81,11.09,18500
CCM,20090316,11.29,11.29,10.68,10.95,2300
CCM,20090313,10.88,10.88,10.88,10.88,300
CCM,20090312,10.68,11.08,10.68,10.88,10000
CCM,20090311,10.61,11.02,10.41,10.88,37100
CCM,20090310,10.21,10.41,10.21,10.41,14800
CCM,20090309,10.14,10.48,10.14,10.14,6900
CCM,20090306,10.55,10.62,10.41,10.41,5400
CCM,20090305,10.21,10.68,10.21,10.48,3300
CCM,20090304,10.68,10.75,10.68,10.68,1800
CCM,20090303,10.82,10.82,10.14,10.61,1600
CCM,20090302,10.96,10.96,10.48,10.75,4300
CCM,20090227,10.62,10.68,10.14,10.28,8900
CCM,20090226,10.61,10.61,9.93,9.94,3600
CCM,20090225,10.68,10.68,10.14,10.61,8700
CCM,20090224,10.82,10.82,9.60,9.87,5400
CCM,20090223,10.68,10.75,10.00,10.01,16500
CCM,20090220,11.02,11.02,10.41,10.68,10700
CCM,20090219,10.81,10.81,10.81,10.82,1900
CCM,20090218,11.16,11.16,10.89,10.88,8700
CCM,20090217,11.70,11.77,11.63,11.63,2900
CCM,20090216,12.17,12.65,12.17,12.24,3800
CCM,20090213,12.64,12.71,12.50,12.51,2700
CCM,20090212,11.90,12.71,11.76,11.76,2600
CCM,20090211,12.44,12.85,12.44,12.44,17400
CCM,20090210,13.86,14.47,13.32,13.32,5300
CCM,20090209,13.66,14.54,13.66,14.54,3100
CCM,20090206,13.52,13.93,13.39,13.93,12600
CCM,20090205,14.87,14.87,14.19,14.20,6600
CCM,20090204,15.21,15.82,15.14,15.14,14800
CCM,20090203,16.77,16.83,15.82,15.82,11200
CCM,20090202,16.30,17.24,16.23,17.24,4000
CCM,20090123,17.03,17.57,17.03,17.31,3800
CCM,20090122,17.38,17.38,17.24,17.37,2100
CCM,20090121,17.03,17.03,17.03,17.04,4300
CCM,20090120,18.25,18.25,18.25,18.25,1500
CCM,20090119,17.24,17.24,17.04,17.10,1200
CCM,20090116,17.31,17.31,17.24,17.31,2800
CCM,20090115,17.24,17.31,17.11,17.31,4100
CCM,20090114,18.25,18.25,17.57,17.58,6600
CCM,20090113,18.18,18.25,17.71,17.71,6900
CCM,20090112,18.38,18.86,17.71,17.98,3400
CCM,20090109,17.85,18.80,17.58,18.79,16300
CCM,20090108,17.64,17.78,17.30,17.58,6300
CCM,20090107,18.45,18.72,17.91,18.25,12500
CCM,20090106,18.93,18.99,18.18,18.25,13400
CCM,20090105,19.40,19.40,18.18,19.13,27400
CCM,20090102,17.99,18.26,17.58,18.25,10200
CCM,20081231,17.58,17.99,16.57,17.58,16400
CCM,20081230,17.58,18.25,16.90,17.58,5700
CCM,20081229,16.91,17.92,16.91,16.90,6000
CCM,20081226,18.93,18.93,17.91,18.19,1600
CCM,20081225,18.39,18.39,17.72,17.71,4500
CCM,20081224,18.93,18.93,17.92,17.92,1300
CCM,20081223,19.27,19.27,18.86,18.93,3900
CCM,20081222,20.55,20.96,19.61,20.01,11500
CCM,20081219,19.60,20.68,19.60,20.35,5600
CCM,20081218,20.35,20.35,19.94,19.94,2300
CCM,20081217,20.62,20.62,19.94,19.94,4300
CCM,20081216,21.63,21.63,20.55,20.55,2900
CCM,20081215,21.63,22.85,21.63,22.24,7500
CCM,20081212,21.09,21.43,21.09,21.43,5000
CCM,20081211,21.09,21.09,19.67,20.28,15500
CCM,20081210,21.23,21.23,21.09,21.09,12100
CCM,20081209,23.53,23.53,21.90,22.24,8700
CCM,20081208,25.70,25.70,22.45,23.39,17300
CCM,20081205,24.13,24.13,22.99,24.14,43900
CCM,20081204,22.24,22.85,21.16,22.85,16800
CCM,20081203,21.03,23.19,20.96,21.63,9500
CCM,20081202,21.77,21.77,21.77,21.77,9300
CCM,20081201,23.69,24.97,23.24,23.24,11400
CCM,20081128,24.97,25.23,23.63,25.23,13800
CCM,20081127,23.69,23.75,23.50,23.50,15000
CCM,20081126,23.69,26.95,23.69,24.65,13400
CCM,20081125,27.53,27.53,24.91,25.29,13700
CCM,20081124,27.09,27.15,26.25,26.25,12300
CCM,20081121,26.00,27.53,26.00,27.47,4600
CCM,20081120,27.15,27.53,27.15,27.15,15400
CCM,20081119,27.47,29.27,27.47,29.26,36400
CCM,20081118,28.17,28.17,27.28,27.28,31100
CCM,20081117,30.03,30.03,28.23,30.03,13700
CCM,20081114,31.82,31.94,28.81,29.77,15700
CCM,20081113,29.13,31.37,29.13,29.64,14100
CCM,20081112,30.22,34.58,30.22,30.41,28700
CCM,20081111,32.52,32.52,32.39,32.40,4200
CCM,20081110,35.73,35.73,32.01,33.61,53400
CCM,20081107,33.55,33.55,32.02,33.55,13800
CCM,20081106,30.48,31.89,28.18,31.89,22200
CCM,20081105,29.84,29.84,29.84,29.84,2700
CCM,20081104,27.91,27.91,27.91,27.92,100
CCM,20081103,26.13,26.13,26.13,26.12,500
CCM,20081031,22.86,26.18,22.86,26.19,55400
CCM,20081030,24.53,24.72,24.53,24.52,9700
CCM,20081029,26.19,27.53,26.19,26.19,48800
CCM,20081028,28.11,28.11,28.11,28.11,800
CCM,20081027,30.16,30.16,30.16,30.16,5100
CCM,20081024,32.40,32.40,32.40,32.40,400
CCM,20081023,34.83,34.83,34.83,34.83,100
CCM,20081022,37.40,37.40,37.40,37.39,500
CCM,20081021,40.14,40.21,40.14,40.15,25800
CCM,20081020,43.03,43.54,42.97,42.96,2700
CCM,20081017,51.22,51.54,45.07,45.08,34100
CCM,20081016,45.53,52.31,45.53,45.97,53600
CCM,20081015,49.56,49.56,43.16,49.56,97900
CCM,20081014,46.36,46.36,46.36,46.36,1200
CCM,20081013,43.35,43.35,43.35,43.35,4200
CCM,20081010,40.52,40.52,40.33,40.53,82400
CCM,20081009,37.90,37.90,37.90,37.90,600
CCM,20081008,35.47,35.47,35.47,35.47,3900
CCM,20081007,33.74,33.74,31.37,33.74,41900
CCM,20081006,31.63,31.63,29.77,31.63,153900
CCM,20081003,29.58,29.58,29.58,29.58,1200
CCM,20081002,27.66,27.66,27.66,27.66,300
CCM,20081001,25.86,25.86,25.86,25.87,100
CCM,20080930,23.95,25.80,22.48,25.80,83200
CCM,20080929,24.14,24.14,24.14,24.14,12200
CCM,20080926,22.41,22.67,22.29,22.67,47200
CCM,20080925,21.77,21.77,20.81,21.71,47300
CCM,20080924,20.93,20.93,19.21,20.94,64500
CCM,20080923,19.59,19.59,19.59,19.59,8100
CCM,20080922,18.31,18.31,18.31,18.31,1000
CCM,20080919,17.16,17.16,17.16,17.16,5500
CCM,20080918,23.05,23.05,15.69,16.01,7100
