<Ticker>,<DTYYYYMMDD>,<Open>,<High>,<Low>,<Close>,<Volume>
EI.PA,20180504,113.699997,114.349998,113.5,113.800003,510329
EI.PA,20180503,113.900002,114.199997,113.5,113.800003,538474
EI.PA,20180502,112.699997,114.099998,112.449997,113.849998,524308
EI.PA,20180430,111.599998,113.099998,111.150002,113.050003,600767
EI.PA,20180427,111.050003,112.349998,111.0,112.300003,591936
EI.PA,20180426,111.800003,113.0,110.949997,113.0,716660
EI.PA,20180425,113.25,113.75,112.699997,113.400002,487392
EI.PA,20180424,113.400002,114.099998,113.199997,113.650002,589138
EI.PA,20180423,113.949997,114.0,113.050003,113.449997,416072
EI.PA,20180420,113.300003,114.449997,112.900002,114.449997,587616
EI.PA,20180419,113.300003,113.349998,112.650002,113.349998,331555
EI.PA,20180418,113.699997,113.949997,113.0,113.449997,306582
EI.PA,20180417,113.5,113.849998,112.75,113.349998,492954
EI.PA,20180416,113.199997,113.400002,112.599998,113.199997,246664
EI.PA,20180413,112.5,113.449997,112.0,113.400002,394866
EI.PA,20180412,111.199997,112.650002,110.900002,112.199997,574152
EI.PA,20180411,112.0,112.449997,111.150002,111.400002,584928
EI.PA,20180410,113.449997,113.5,112.75,113.0,387190
EI.PA,20180409,112.449997,113.25,112.25,113.150002,365416
EI.PA,20180406,112.0,112.550003,111.599998,112.400002,424539
EI.PA,20180405,111.400002,112.300003,110.900002,112.199997,569196
EI.PA,20180404,109.550003,110.099998,109.199997,110.099998,645323
EI.PA,20180403,109.199997,109.900002,108.75,109.699997,779480
EI.PA,20180329,107.900002,109.75,107.150002,109.599998,622172
EI.PA,20180328,106.699997,107.800003,105.5,107.800003,688945
EI.PA,20180327,107.0,107.199997,105.599998,107.199997,704831
EI.PA,20180326,107.900002,108.050003,105.5,105.900002,663101
EI.PA,20180323,107.300003,107.949997,106.449997,107.699997,771533
EI.PA,20180322,109.449997,110.150002,107.650002,108.550003,680471
EI.PA,20180321,110.599998,111.050003,109.949997,110.099998,422713
EI.PA,20180320,110.550003,111.050003,109.75,110.550003,458136
EI.PA,20180319,111.400002,111.800003,109.75,110.099998,483926
EI.PA,20180316,111.849998,112.75,110.75,111.5,1260623
EI.PA,20180315,112.0,112.5,111.099998,111.849998,708315
EI.PA,20180314,110.800003,112.400002,110.699997,111.300003,489817
EI.PA,20180313,112.449997,112.449997,110.599998,110.949997,730340
EI.PA,20180312,113.25,113.400002,111.949997,112.0,430523
EI.PA,20180309,111.900002,114.099998,111.849998,112.849998,623845
EI.PA,20180308,111.199997,112.599998,110.449997,112.150002,530727
EI.PA,20180307,111.099998,111.699997,110.449997,111.400002,450063
EI.PA,20180306,113.150002,113.150002,111.099998,111.150002,655369
EI.PA,20180305,112.699997,113.449997,112.0,113.150002,656893
EI.PA,20180302,113.400002,114.099998,112.150002,112.5,1016661
EI.PA,20180301,110.849998,115.650002,107.800003,113.099998,1927417
EI.PA,20180228,107.199997,109.150002,107.050003,107.849998,578107
EI.PA,20180227,110.900002,111.300003,106.949997,107.550003,823549
EI.PA,20180226,110.0,111.0,109.849998,110.949997,413645
EI.PA,20180223,109.800003,109.900002,108.75,109.849998,532668
EI.PA,20180222,109.300003,110.0,108.5,109.800003,619105
EI.PA,20180221,108.800003,110.199997,107.800003,109.900002,410958
EI.PA,20180220,109.0,109.699997,108.099998,109.150002,463977
EI.PA,20180219,111.099998,111.550003,109.199997,109.400002,299005
EI.PA,20180216,109.099998,111.449997,108.949997,111.0,627042
EI.PA,20180215,107.949997,109.449997,107.650002,108.75,605931
EI.PA,20180214,107.0,108.800003,106.449997,107.849998,558098
EI.PA,20180213,107.150002,107.599998,106.349998,106.449997,605630
EI.PA,20180212,106.900002,107.900002,106.349998,107.050003,500038
EI.PA,20180209,105.900002,107.550003,105.449997,106.25,1074701
EI.PA,20180208,108.150002,108.449997,105.849998,106.449997,893337
EI.PA,20180207,106.699997,109.099998,106.150002,108.800003,774126
EI.PA,20180206,105.699997,108.0,105.349998,106.400002,1299696
EI.PA,20180205,110.300003,110.400002,108.300003,108.300003,761709
EI.PA,20180202,112.050003,112.400002,110.75,111.050003,590481
EI.PA,20180201,114.599998,115.099998,112.25,112.349998,498608
EI.PA,20180131,114.199997,114.900002,113.800003,114.400002,662029
EI.PA,20180130,113.550003,115.150002,113.199997,114.050003,642665
EI.PA,20180129,113.800003,114.0,112.650002,113.150002,538407
EI.PA,20180126,113.550003,114.5,113.550003,114.0,427972
EI.PA,20180125,112.650002,115.300003,112.5,113.5,691885
EI.PA,20180124,112.949997,113.25,112.400002,112.800003,580690
EI.PA,20180123,112.949997,113.599998,112.949997,113.349998,432046
EI.PA,20180122,111.949997,113.400002,111.650002,113.099998,510029
EI.PA,20180119,110.050003,112.25,109.949997,112.050003,599788
EI.PA,20180118,111.650002,112.150002,109.699997,110.099998,654336
EI.PA,20180117,112.050003,112.349998,111.400002,111.550003,394803
EI.PA,20180116,111.75,112.300003,111.300003,112.099998,521672
EI.PA,20180115,112.449997,112.900002,111.699997,111.949997,419928
EI.PA,20180112,111.199997,113.099998,111.050003,112.199997,516010
EI.PA,20180111,111.900002,112.199997,110.75,110.75,600073
EI.PA,20180110,114.0,114.349998,111.599998,111.75,745534
EI.PA,20180109,114.949997,115.099998,114.25,114.300003,573594
EI.PA,20180108,114.5,115.199997,114.199997,114.900002,373168
EI.PA,20180105,112.699997,114.349998,112.699997,114.349998,493427
EI.PA,20180104,113.5,113.650002,112.400002,112.800003,558453
EI.PA,20180103,112.449997,113.400002,112.300003,113.0,503670
EI.PA,20180102,115.0,115.0,112.400002,112.650002,558941
EI.PA,20171229,115.400002,115.949997,114.75,114.949997,548773
EI.PA,20171228,116.5,116.599998,114.900002,115.050003,382828
EI.PA,20171227,115.400002,116.650002,114.849998,116.199997,468086
EI.PA,20171222,113.800003,115.650002,113.75,115.25,493594
EI.PA,20171221,113.599998,114.550003,113.25,114.449997,709705
EI.PA,20171220,113.900002,114.849998,113.550003,113.75,655922
EI.PA,20171219,114.0,114.849998,113.699997,114.099998,511758
EI.PA,20171218,113.0,114.099998,112.75,113.849998,744329
EI.PA,20171215,112.449997,112.449997,111.199997,112.449997,958025
EI.PA,20171214,112.150002,114.400002,111.349998,112.5,936559
EI.PA,20171213,111.900002,113.25,111.75,112.150002,524747
EI.PA,20171212,113.25,113.25,111.650002,112.300003,641997
EI.PA,20171211,114.949997,114.949997,112.75,112.75,596794
EI.PA,20171208,114.550003,115.0,113.650002,114.349998,594654
EI.PA,20171207,113.349998,114.900002,113.300003,114.550003,602668
EI.PA,20171206,112.099998,113.800003,111.400002,113.25,727582
EI.PA,20171205,111.949997,112.949997,111.300003,112.800003,741884
EI.PA,20171204,108.0,112.800003,107.75,112.800003,1091952
EI.PA,20171201,108.099998,108.849998,105.949997,107.699997,881957
EI.PA,20171130,107.150002,108.75,106.699997,108.050003,1004443
EI.PA,20171129,107.300003,107.599998,106.449997,106.699997,704760
EI.PA,20171128,107.150002,107.75,106.449997,107.349998,760725
EI.PA,20171127,107.949997,107.949997,106.949997,107.099998,595956
EI.PA,20171124,107.650002,109.300003,107.550003,108.199997,549444
EI.PA,20171123,106.25,108.099998,106.0,107.900002,525902
EI.PA,20171122,106.5,107.099998,106.099998,106.400002,458208
EI.PA,20171121,106.5,107.0,106.400002,106.75,428434
EI.PA,20171120,106.800003,107.050003,106.300003,106.699997,428098
EI.PA,20171117,106.599998,107.0,106.150002,106.599998,590011
EI.PA,20171116,106.5,107.199997,105.949997,107.0,549806
EI.PA,20171115,106.050003,106.349998,105.650002,106.0,644789
EI.PA,20171114,106.0,106.349998,105.349998,106.199997,564062
EI.PA,20171113,105.449997,106.099998,105.099998,106.050003,623985
EI.PA,20171110,105.800003,106.050003,104.949997,105.400002,561940
EI.PA,20171109,107.5,107.599998,105.449997,105.599998,623767
EI.PA,20171108,107.5,108.099998,106.849998,107.400002,555387
EI.PA,20171107,108.900002,108.900002,107.300003,107.449997,556557
EI.PA,20171106,107.75,108.900002,107.650002,108.449997,400214
EI.PA,20171103,107.900002,108.699997,107.099998,108.0,599183
EI.PA,20171102,107.949997,108.949997,107.25,107.800003,612006
EI.PA,20171101,109.199997,109.800003,107.650002,107.650002,538836
EI.PA,20171031,109.150002,109.300003,108.050003,108.699997,640604
EI.PA,20171030,107.650002,109.150002,107.550003,108.800003,845216
EI.PA,20171027,104.849998,107.550003,104.800003,107.300003,965870
EI.PA,20171026,103.5,104.400002,102.699997,104.349998,826043
EI.PA,20171025,105.150002,105.150002,103.25,103.5,920898
EI.PA,20171024,102.150002,105.949997,101.949997,105.0,2050193
EI.PA,20171023,100.900002,101.599998,100.800003,101.0,520935
EI.PA,20171020,101.550003,101.849998,100.900002,101.050003,778204
EI.PA,20171019,101.199997,101.550003,100.650002,101.5,747508
EI.PA,20171018,101.0,101.949997,100.849998,101.199997,694382
EI.PA,20171017,101.75,102.099998,100.599998,101.0,758796
EI.PA,20171016,101.900002,102.349998,101.699997,101.949997,570480
EI.PA,20171013,101.099998,102.199997,100.75,101.900002,681376
EI.PA,20171012,102.550003,102.650002,101.099998,101.5,1044468
EI.PA,20171011,103.900002,104.599998,102.900002,103.449997,724492
EI.PA,20171010,104.0,105.199997,103.599998,104.699997,513865
EI.PA,20171009,104.650002,105.150002,103.5,104.25,521619
EI.PA,20171006,105.75,105.849998,104.75,105.0,487907
EI.PA,20171005,106.550003,107.050003,105.25,105.5,508064
EI.PA,20171004,105.449997,106.699997,105.150002,106.699997,677188
EI.PA,20171003,105.449997,105.800003,104.849998,105.449997,269527
EI.PA,20171002,105.050003,105.849998,104.949997,105.5,459357
EI.PA,20170929,103.650002,104.949997,103.400002,104.75,786014
EI.PA,20170928,102.949997,103.650002,102.449997,103.349998,570988
EI.PA,20170927,103.349998,103.449997,102.349998,102.800003,757559
EI.PA,20170926,104.550003,105.0,102.949997,103.25,712275
EI.PA,20170925,104.0,104.949997,103.650002,104.900002,305926
EI.PA,20170922,103.099998,104.699997,103.099998,103.849998,470488
EI.PA,20170921,105.099998,105.349998,103.199997,103.349998,621088
EI.PA,20170920,105.150002,105.900002,103.800003,105.25,475413
EI.PA,20170919,106.0,106.400002,105.300003,105.550003,421488
EI.PA,20170918,106.349998,106.75,105.949997,106.0,340074
EI.PA,20170915,106.5,107.0,105.650002,106.099998,1416605
EI.PA,20170914,106.550003,107.050003,106.150002,106.599998,572114
EI.PA,20170913,108.800003,108.949997,106.449997,106.75,862973
EI.PA,20170912,110.0,110.25,108.449997,109.300003,555617
EI.PA,20170911,110.0,110.849998,109.400002,109.800003,766349
EI.PA,20170908,107.75,109.900002,107.650002,109.599998,780755
EI.PA,20170907,106.449997,108.25,106.349998,108.0,604833
EI.PA,20170906,105.0,106.150002,104.699997,105.949997,308422
EI.PA,20170905,105.599998,106.25,105.199997,105.25,257652
EI.PA,20170904,106.099998,106.25,105.5,105.599998,236948
EI.PA,20170901,106.5,107.650002,106.099998,106.5,475896
EI.PA,20170831,104.900002,106.400002,104.449997,106.050003,669303
EI.PA,20170830,104.599998,104.75,103.900002,104.199997,285136
EI.PA,20170829,104.050003,104.300003,103.099998,104.150002,418918
EI.PA,20170828,104.599998,105.400002,104.400002,104.699997,244074
EI.PA,20170825,105.800003,106.0,105.050003,105.050003,312247
EI.PA,20170824,105.449997,106.849998,105.349998,106.050003,397279
EI.PA,20170823,104.550003,105.300003,104.199997,105.050003,323675
EI.PA,20170822,104.800003,104.949997,104.199997,104.550003,451501
EI.PA,20170821,104.25,104.949997,103.800003,104.25,316994
EI.PA,20170818,105.25,105.25,104.150002,104.599998,600476
EI.PA,20170817,106.050003,106.300003,105.449997,105.599998,443571
EI.PA,20170816,106.75,107.800003,106.0,106.0,338224
EI.PA,20170815,106.449997,107.0,106.199997,106.550003,232895
EI.PA,20170814,104.900002,106.400002,104.849998,106.050003,339912
EI.PA,20170811,104.75,105.75,104.699997,105.0,452227
EI.PA,20170810,105.900002,106.050003,104.949997,105.25,377955
EI.PA,20170809,106.050003,106.349998,104.849998,105.699997,614802
EI.PA,20170808,106.449997,106.849998,105.650002,106.650002,396164
EI.PA,20170807,107.349998,107.550003,106.300003,106.650002,341660
EI.PA,20170804,105.550003,107.25,104.800003,107.0,609553
EI.PA,20170803,106.050003,106.050003,104.449997,105.449997,604323
EI.PA,20170802,106.5,106.900002,105.800003,106.199997,637205
EI.PA,20170801,108.400002,108.400002,106.650002,106.75,683298
EI.PA,20170731,111.449997,111.5,107.099998,107.099998,1298767
EI.PA,20170728,112.5,112.949997,110.150002,111.599998,1562981
EI.PA,20170727,115.5,117.0,115.050003,116.400002,792887
EI.PA,20170726,116.349998,117.050003,115.849998,116.25,533920
EI.PA,20170725,115.0,117.25,115.0,116.199997,753329
EI.PA,20170724,114.5,114.75,114.099998,114.349998,500907
EI.PA,20170721,115.25,116.300003,113.699997,114.099998,840320
EI.PA,20170720,114.800003,115.550003,114.400002,115.0,556020
EI.PA,20170719,113.5,114.349998,113.150002,114.199997,312526
EI.PA,20170718,114.0,114.400002,112.699997,112.900002,356904
EI.PA,20170717,114.550003,115.0,113.800003,114.099998,273275
EI.PA,20170714,114.0,114.949997,113.550003,114.699997,322904
EI.PA,20170713,113.300003,114.099998,112.75,113.800003,361477
EI.PA,20170712,111.550003,113.800003,111.400002,113.449997,389281
EI.PA,20170711,112.300003,112.699997,111.400002,111.400002,366297
EI.PA,20170710,112.599998,112.800003,112.0,112.0,255575
EI.PA,20170707,111.900002,112.400002,111.550003,112.400002,285507
EI.PA,20170706,113.349998,113.400002,111.5,112.050003,564397
EI.PA,20170705,112.050003,113.5,111.599998,113.300003,480709
EI.PA,20170704,112.650002,112.900002,112.099998,112.199997,330144
EI.PA,20170703,111.949997,113.099998,111.150002,112.900002,489558
EI.PA,20170630,112.099998,113.199997,111.300003,111.400002,632685
EI.PA,20170629,114.300003,114.449997,110.900002,111.849998,736682
EI.PA,20170628,115.5,115.550003,113.650002,114.300003,942202
EI.PA,20170627,118.150002,118.150002,116.300003,116.449997,459022
EI.PA,20170626,118.599998,119.25,118.25,118.449997,409270
EI.PA,20170623,118.5,119.099998,117.75,118.25,361363
EI.PA,20170622,119.0,119.050003,117.949997,118.949997,370546
EI.PA,20170621,119.800003,119.800003,117.449997,118.599998,633941
EI.PA,20170620,121.099998,121.150002,120.050003,120.050003,398237
EI.PA,20170619,121.75,122.150002,120.699997,120.699997,542707
EI.PA,20170616,120.0,120.800003,119.650002,120.75,1043027
EI.PA,20170615,120.550003,120.550003,118.400002,119.650002,644226
EI.PA,20170614,120.0,121.400002,119.949997,120.050003,600346
EI.PA,20170613,117.599998,120.199997,117.300003,119.849998,845326
EI.PA,20170612,118.349998,118.550003,116.599998,116.800003,402047
EI.PA,20170609,118.25,118.800003,117.650002,118.25,349800
EI.PA,20170608,117.949997,118.199997,117.050003,117.5,425443
EI.PA,20170607,118.25,119.0,117.5,117.650002,415208
EI.PA,20170606,117.949997,118.5,117.199997,118.150002,515888
EI.PA,20170605,119.5,119.5,118.5,118.699997,238497
EI.PA,20170602,119.699997,119.949997,118.599998,119.199997,360966
EI.PA,20170601,118.650002,119.300003,117.5,118.699997,482332
EI.PA,20170531,118.949997,119.199997,118.300003,118.349998,597814
EI.PA,20170530,118.800003,118.849998,117.849998,118.75,433874
EI.PA,20170529,119.949997,120.0,118.949997,119.300003,185721
EI.PA,20170526,119.75,120.0,118.900002,120.0,407083
EI.PA,20170525,119.599998,119.849998,118.949997,119.650002,260221
EI.PA,20170524,119.449997,119.5,118.75,119.199997,395348
EI.PA,20170523,118.349998,119.5,118.25,119.300003,365201
EI.PA,20170522,118.5,119.099998,118.150002,119.099998,359196
EI.PA,20170519,118.949997,119.25,118.150002,118.75,533336
EI.PA,20170518,118.599998,119.349998,117.349998,118.5,541224
EI.PA,20170517,119.099998,119.949997,117.800003,118.5,695460
EI.PA,20170516,120.800003,121.400002,120.25,120.949997,495262
EI.PA,20170515,120.75,120.75,119.199997,120.449997,367144
EI.PA,20170512,119.550003,120.199997,119.0,120.150002,485021
EI.PA,20170511,120.699997,120.900002,118.900002,119.300003,641461
EI.PA,20170510,121.449997,121.5,120.349998,120.800003,563897
EI.PA,20170509,120.550003,121.949997,119.550003,121.599998,711499
EI.PA,20170508,120.199997,120.349998,119.25,119.849998,568576
EI.PA,20170505,120.0,120.5,119.400002,120.25,620440
EI.PA,20170504,119.449997,119.949997,118.5,119.75,658636
EI.PA,20170503,118.599998,119.5,118.300003,118.699997,574789
EI.PA,20170502,118.699997,118.800003,117.349998,118.300003,662295
EI.PA,20170428,118.650002,118.949997,118.300003,118.949997,780028
EI.PA,20170427,118.849998,119.449997,118.300003,119.25,478086
EI.PA,20170426,118.550003,119.0,117.849998,118.849998,714509
EI.PA,20170425,118.0,119.150002,117.849998,118.800003,701913
EI.PA,20170424,116.5,117.949997,115.449997,117.75,1290282
EI.PA,20170421,113.5,114.300003,112.650002,112.75,932173
EI.PA,20170420,113.5,115.050003,113.150002,114.5,522494
EI.PA,20170419,113.650002,114.199997,113.050003,113.650002,434096
EI.PA,20170418,114.75,115.150002,113.650002,114.050003,475878
EI.PA,20170413,115.849998,116.0,114.650002,114.849998,436336
EI.PA,20170412,113.199997,115.949997,113.199997,115.75,644251
EI.PA,20170411,111.949997,113.050003,111.699997,113.050003,448155
EI.PA,20170410,112.050003,112.800003,111.849998,112.400002,312038
EI.PA,20170407,113.0,113.0,111.800003,112.449997,371412
EI.PA,20170406,111.800003,113.150002,110.849998,113.099998,417032
EI.PA,20170405,113.5,113.5,111.800003,111.900002,384848
EI.PA,20170404,113.0,113.75,112.550003,113.199997,383996
EI.PA,20170403,113.949997,114.0,112.699997,112.800003,487953
EI.PA,20170331,113.0,113.900002,112.900002,113.900002,725334
EI.PA,20170330,113.199997,113.300003,112.800003,113.0,372559
EI.PA,20170329,113.800003,113.849998,113.0,113.0,389718
EI.PA,20170328,113.25,113.849998,112.949997,113.849998,420851
EI.PA,20170327,112.800003,113.5,112.25,113.400002,396997
EI.PA,20170324,112.599998,113.800003,112.199997,113.550003,408703
EI.PA,20170323,111.599998,112.75,111.449997,112.75,347287
EI.PA,20170322,112.0,112.150002,110.550003,111.75,539198
EI.PA,20170321,112.5,113.099998,112.0,112.5,407274
EI.PA,20170320,111.949997,113.099998,111.849998,112.550003,414246
EI.PA,20170317,111.099998,112.900002,110.400002,112.449997,1100116
EI.PA,20170316,110.849998,110.849998,109.849998,110.5,497003
EI.PA,20170315,110.800003,110.949997,110.050003,110.349998,389203
EI.PA,20170314,111.349998,111.599998,110.5,110.800003,354904
EI.PA,20170313,111.849998,112.449997,111.199997,111.449997,392400
EI.PA,20170310,112.300003,113.5,111.849998,111.849998,759149
EI.PA,20170309,108.800003,111.800003,108.699997,111.800003,777115
EI.PA,20170308,108.550003,109.449997,107.550003,109.25,485870
EI.PA,20170307,108.699997,108.699997,107.550003,108.0,398724
EI.PA,20170306,108.400002,108.550003,107.699997,108.400002,302121
EI.PA,20170303,108.050003,108.900002,106.949997,108.900002,494050
EI.PA,20170302,109.199997,109.199997,106.699997,108.5,751009
EI.PA,20170301,108.849998,110.650002,108.5,109.5,552596
EI.PA,20170228,108.25,108.75,107.25,108.150002,423125
EI.PA,20170227,109.449997,109.599998,107.900002,108.25,362858
EI.PA,20170224,108.099998,109.099998,107.800003,108.75,555176
EI.PA,20170223,107.75,108.300003,107.300003,107.849998,439308
EI.PA,20170222,107.599998,108.900002,107.199997,108.199997,474516
EI.PA,20170221,107.599998,108.050003,106.900002,107.5,514554
EI.PA,20170220,109.599998,109.599998,107.199997,107.849998,498694
EI.PA,20170217,109.050003,110.150002,106.900002,107.75,676696
EI.PA,20170216,110.75,110.75,108.550003,108.550003,775730
EI.PA,20170215,110.5,111.050003,110.0,110.0,526654
EI.PA,20170214,109.900002,110.400002,109.25,110.25,441077
EI.PA,20170213,108.550003,109.800003,108.400002,109.449997,455138
EI.PA,20170210,109.699997,109.699997,107.849998,108.550003,421152
EI.PA,20170209,108.150002,109.449997,107.550003,109.199997,389269
EI.PA,20170208,107.800003,108.300003,106.900002,107.650002,495804
EI.PA,20170207,107.300003,108.25,107.0,107.849998,413107
EI.PA,20170206,108.5,108.5,106.400002,107.150002,500227
EI.PA,20170203,108.800003,109.449997,108.349998,108.550003,417613
EI.PA,20170202,106.449997,108.400002,105.849998,108.050003,708863
EI.PA,20170201,108.800003,109.25,106.300003,106.400002,878473
EI.PA,20170131,110.0,110.25,108.400002,108.400002,1024027
EI.PA,20170130,109.400002,109.699997,107.849998,109.25,661582
EI.PA,20170127,108.75,109.25,107.849998,109.25,569182
EI.PA,20170126,108.150002,109.5,107.900002,108.449997,639105
EI.PA,20170125,106.400002,107.75,104.949997,107.699997,989675
EI.PA,20170124,107.949997,107.949997,105.900002,105.949997,792220
EI.PA,20170123,109.25,109.699997,107.75,107.75,613973
EI.PA,20170120,110.099998,111.300003,109.050003,110.25,821340
EI.PA,20170119,113.550003,113.599998,109.75,109.900002,1143705
EI.PA,20170118,115.0,115.25,113.300003,113.5,862518
EI.PA,20170117,113.599998,115.699997,112.599998,114.849998,1256845
EI.PA,20170116,118.0,121.150002,113.5,114.199997,3410147
EI.PA,20170113,102.5,102.550003,101.599998,102.099998,487997
EI.PA,20170112,102.949997,103.050003,101.449997,101.800003,901871
EI.PA,20170111,105.050003,105.449997,103.599998,104.5,437631
EI.PA,20170110,105.5,106.050003,104.5,105.050003,354102
EI.PA,20170109,106.199997,106.199997,103.949997,105.25,464917
EI.PA,20170106,105.349998,105.949997,105.0,105.800003,315542
EI.PA,20170105,105.199997,105.599998,104.849998,105.400002,426710
EI.PA,20170104,106.75,106.800003,104.949997,105.400002,584565
EI.PA,20170103,107.599998,107.800003,106.300003,106.300003,437358
EI.PA,20170102,107.449997,107.949997,107.099998,107.300003,194542
EI.PA,20161230,106.349998,107.349998,106.0,107.349998,439158
EI.PA,20161229,105.75,106.349998,105.5,106.150002,231237
EI.PA,20161228,105.599998,105.949997,105.199997,105.849998,186075
EI.PA,20161227,105.949997,106.150002,105.150002,105.849998,154795
EI.PA,20161223,104.949997,105.699997,104.75,105.449997,276299
EI.PA,20161222,105.050003,105.349998,104.599998,105.099998,370546
EI.PA,20161221,105.550003,105.550003,104.650002,105.349998,314728
EI.PA,20161220,105.550003,106.099998,105.150002,105.650002,375767
EI.PA,20161219,105.25,105.75,104.349998,105.050003,564420
EI.PA,20161216,103.300003,105.550003,103.300003,105.25,1692041
EI.PA,20161215,103.900002,103.900002,102.800003,103.550003,858688
EI.PA,20161214,104.050003,104.25,102.949997,103.5,507088
EI.PA,20161213,103.25,104.75,102.949997,104.599998,617100
EI.PA,20161212,103.75,103.900002,101.900002,103.150002,540621
EI.PA,20161209,100.900002,104.099998,100.900002,103.699997,804459
EI.PA,20161208,100.550003,100.699997,99.300003,100.449997,784737
EI.PA,20161207,100.650002,100.699997,99.66999799999999,100.349998,715513
EI.PA,20161206,99.730003,100.150002,99.18,100.150002,596485
EI.PA,20161205,97.480003,99.559998,97.480003,99.0,616905
EI.PA,20161202,98.5,98.510002,97.0,97.970001,667806
EI.PA,20161201,99.940002,100.199997,98.589996,98.980003,807425
EI.PA,20161130,99.599998,100.75,99.559998,100.099998,677728
EI.PA,20161129,99.5,100.449997,99.0,100.050003,761460
EI.PA,20161128,98.800003,99.290001,98.400002,98.639999,633912
EI.PA,20161125,98.959999,99.269997,98.059998,99.010002,371918
EI.PA,20161124,95.510002,98.769997,95.5,98.540001,548255
EI.PA,20161123,95.629997,96.639999,95.389999,96.269997,941426
EI.PA,20161122,97.5,97.800003,93.410004,95.629997,2588809
EI.PA,20161121,102.300003,102.449997,100.800003,101.800003,348671
EI.PA,20161118,102.050003,102.25,101.400002,101.949997,358714
EI.PA,20161117,101.400002,102.150002,100.849998,102.050003,299288
EI.PA,20161116,101.849998,101.949997,100.800003,101.5,399306
EI.PA,20161115,102.0,103.099998,101.599998,102.150002,533704
EI.PA,20161114,101.300003,102.050003,100.599998,101.199997,547761
EI.PA,20161111,100.099998,101.199997,99.709999,100.5,519422
EI.PA,20161110,103.900002,104.0,99.08000200000001,100.25,1225180
EI.PA,20161109,100.400002,104.199997,100.050003,103.699997,901772
EI.PA,20161108,102.650002,102.900002,101.650002,101.900002,425721
EI.PA,20161107,102.050003,102.849998,101.449997,102.849998,591585
EI.PA,20161104,101.199997,101.300003,100.050003,101.0,416339
EI.PA,20161103,101.099998,102.400002,101.050003,101.599998,646080
EI.PA,20161102,101.699997,102.25,101.349998,101.599998,575759
EI.PA,20161101,102.900002,103.0,101.449997,102.349998,559200
EI.PA,20161031,102.5,103.050003,102.150002,102.400002,490815
EI.PA,20161028,102.900002,103.849998,102.150002,103.050003,522309
EI.PA,20161027,103.349998,104.699997,102.800003,103.75,715169
EI.PA,20161026,102.150002,103.599998,101.349998,103.5,687916
EI.PA,20161025,103.25,103.550003,100.949997,101.949997,985684
EI.PA,20161024,105.699997,105.699997,103.5,103.650002,664650
EI.PA,20161021,108.300003,108.300003,104.349998,104.900002,1733760
EI.PA,20161020,111.800003,111.800003,110.599998,111.099998,400337
EI.PA,20161019,111.849998,111.849998,110.699997,111.25,390921
EI.PA,20161018,110.650002,111.800003,110.349998,111.650002,421087
EI.PA,20161017,110.75,110.900002,109.400002,109.900002,447514
EI.PA,20161014,111.0,112.0,110.449997,111.199997,396780
EI.PA,20161013,110.199997,110.449997,109.199997,110.349998,536395
EI.PA,20161012,111.900002,112.050003,110.550003,110.550003,391679
EI.PA,20161011,112.699997,113.099998,111.800003,111.800003,379822
EI.PA,20161010,112.0,113.25,111.25,113.199997,382978
EI.PA,20161007,112.300003,112.550003,110.849998,111.5,483218
EI.PA,20161006,114.150002,114.400002,112.400002,112.400002,363885
EI.PA,20161005,113.699997,113.900002,113.050003,113.599998,352926
EI.PA,20161004,115.050003,115.800003,114.400002,114.75,600256
EI.PA,20161003,115.300003,117.050003,114.800003,115.25,453926
EI.PA,20160930,113.400002,115.300003,112.800003,114.800003,501676
EI.PA,20160929,117.5,117.550003,114.400002,114.550003,446461
EI.PA,20160928,116.949997,117.800003,116.449997,116.75,259332
EI.PA,20160927,116.849998,117.25,115.699997,116.550003,366126
EI.PA,20160926,117.849998,117.949997,116.449997,116.449997,395678
EI.PA,20160923,117.949997,118.949997,117.699997,118.400002,369058
EI.PA,20160922,116.75,119.150002,116.449997,118.449997,569619
EI.PA,20160921,116.650002,116.900002,115.75,115.900002,346623
EI.PA,20160920,115.25,116.599998,115.199997,115.5,382192
EI.PA,20160919,114.449997,115.199997,114.099998,115.050003,327456
EI.PA,20160916,114.300003,115.199997,113.050003,113.449997,1038216
EI.PA,20160915,114.349998,114.800003,113.699997,114.550003,395862
EI.PA,20160914,115.050003,115.5,114.150002,114.449997,396384
EI.PA,20160913,116.099998,117.0,114.199997,114.199997,423354
EI.PA,20160912,114.449997,115.699997,114.199997,115.400002,449401
EI.PA,20160909,116.150002,116.5,115.5,115.849998,458489
EI.PA,20160908,116.75,117.150002,114.650002,116.349998,414773
EI.PA,20160907,117.25,117.25,116.050003,116.75,301727
EI.PA,20160906,116.900002,117.650002,116.650002,117.0,426758
EI.PA,20160905,116.699997,117.300003,116.199997,116.599998,292042
EI.PA,20160902,112.849998,116.449997,112.699997,116.449997,462761
EI.PA,20160901,114.050003,114.449997,112.150002,112.349998,449669
EI.PA,20160831,114.300003,114.75,113.849998,113.849998,447627
EI.PA,20160830,113.900002,115.050003,113.849998,114.75,381073
EI.PA,20160829,112.75,113.599998,111.800003,113.550003,210571
EI.PA,20160826,112.449997,113.400002,111.699997,112.949997,243508
EI.PA,20160825,112.050003,112.650002,110.650002,112.550003,365476
EI.PA,20160824,112.0,113.349998,111.300003,112.5,268992
EI.PA,20160823,112.699997,113.199997,112.25,112.400002,262820
EI.PA,20160822,112.349998,113.25,111.550003,112.150002,320549
EI.PA,20160819,112.949997,113.099998,111.199997,112.150002,454276
EI.PA,20160818,113.699997,114.099998,112.550003,113.099998,298557
EI.PA,20160817,114.449997,114.650002,113.050003,113.5,301500
EI.PA,20160816,115.449997,115.449997,114.150002,114.349998,301617
EI.PA,20160815,115.349998,116.449997,114.949997,115.75,161989
EI.PA,20160812,115.550003,115.550003,114.550003,115.25,271284
EI.PA,20160811,115.449997,116.300003,115.150002,115.400002,219720
EI.PA,20160810,115.0,115.900002,114.75,115.0,260626
EI.PA,20160809,114.099998,115.349998,113.599998,115.300003,349846
EI.PA,20160808,114.349998,114.400002,113.650002,114.0,276600
EI.PA,20160805,111.75,114.099998,111.699997,114.0,430316
EI.PA,20160804,112.849998,113.050003,110.75,113.050003,545908
EI.PA,20160803,114.699997,114.75,111.800003,112.599998,634775
EI.PA,20160802,114.050003,114.800003,112.800003,113.300003,560519
EI.PA,20160801,115.5,116.0,113.550003,114.300003,495558
EI.PA,20160729,114.0,116.050003,112.400002,114.550003,1315462
EI.PA,20160728,122.349998,122.5,121.400002,121.599998,477804
EI.PA,20160727,123.550003,124.550003,122.449997,122.849998,313370
EI.PA,20160726,122.599998,123.800003,122.5,123.449997,300134
EI.PA,20160725,122.5,123.699997,122.349998,122.849998,268907
EI.PA,20160722,121.900002,122.650002,121.050003,122.150002,233268
EI.PA,20160721,122.099998,122.449997,121.300003,122.0,379713
EI.PA,20160720,121.550003,122.400002,121.150002,122.400002,213794
EI.PA,20160719,121.150002,121.300003,119.800003,120.849998,251177
EI.PA,20160718,121.650002,122.300003,121.150002,121.5,238539
EI.PA,20160715,120.75,121.75,120.099998,121.75,347506
EI.PA,20160714,122.0,122.099998,120.900002,121.199997,318120
EI.PA,20160713,121.150002,121.849998,120.75,121.349998,301350
EI.PA,20160712,121.050003,122.099998,120.800003,121.099998,419475
EI.PA,20160711,119.5,121.150002,119.25,120.900002,449629
EI.PA,20160708,117.75,118.650002,116.900002,118.599998,476679
EI.PA,20160707,118.300003,119.449997,117.900002,118.099998,411506
EI.PA,20160706,117.599998,118.5,116.150002,117.300003,560716
EI.PA,20160705,118.449997,119.449997,118.099998,118.75,311111
EI.PA,20160704,120.0,120.400002,119.199997,119.400002,167344
EI.PA,20160701,119.150002,120.0,118.0,119.550003,477801
EI.PA,20160630,118.349998,119.949997,118.099998,118.849998,804221
EI.PA,20160629,117.25,119.25,117.150002,118.949997,541630
EI.PA,20160628,115.099998,116.300003,114.400002,116.150002,747393
EI.PA,20160627,113.400002,115.400002,112.349998,113.099998,1052873
EI.PA,20160624,109.0,116.75,106.5,115.0,2005910
EI.PA,20160623,117.900002,120.099998,116.949997,118.300003,482584
EI.PA,20160622,116.949997,117.650002,115.699997,116.949997,348804
EI.PA,20160621,114.75,116.5,114.099998,116.0,405586
EI.PA,20160620,112.75,114.699997,112.550003,114.550003,472420
EI.PA,20160617,111.050003,111.650002,109.699997,110.349998,699034
EI.PA,20160616,110.0,110.849998,109.25,110.199997,480540
EI.PA,20160615,111.349998,112.150002,110.900002,110.900002,467223
EI.PA,20160614,112.099998,112.650002,110.75,110.75,634072
EI.PA,20160613,114.800003,115.550003,113.300003,113.300003,452565
EI.PA,20160610,118.050003,118.300003,115.800003,116.099998,562925
EI.PA,20160609,117.949997,119.150002,117.449997,118.400002,370005
EI.PA,20160608,118.849998,118.949997,117.900002,118.099998,309774
EI.PA,20160607,119.449997,120.050003,118.900002,119.0,362059
EI.PA,20160606,117.75,119.449997,117.75,118.849998,364479
EI.PA,20160603,118.400002,119.150002,116.550003,117.650002,365568
EI.PA,20160602,118.050003,118.400002,117.099998,118.150002,345860
EI.PA,20160601,117.0,118.449997,116.900002,118.25,392078
EI.PA,20160531,118.150002,118.650002,117.300003,117.349998,477051
EI.PA,20160530,118.099998,118.400002,117.0,118.25,260466
EI.PA,20160527,117.199997,118.75,116.900002,118.25,413713
EI.PA,20160526,116.5,117.400002,116.25,117.349998,443786
EI.PA,20160525,116.75,117.449997,116.050003,116.900002,477603
EI.PA,20160524,114.0,116.550003,113.75,116.099998,530307
EI.PA,20160523,114.650002,114.849998,113.099998,114.550003,319033
EI.PA,20160520,113.199997,114.699997,113.199997,114.550003,695217
EI.PA,20160519,112.050003,112.75,111.25,112.25,274248
EI.PA,20160518,110.949997,112.699997,110.849998,112.699997,350540
EI.PA,20160517,113.099998,113.349998,110.949997,111.550003,471881
EI.PA,20160516,112.75,113.150002,111.400002,113.150002,178560
EI.PA,20160513,111.5,113.949997,110.900002,113.0,396084
EI.PA,20160512,113.75,114.75,112.099998,112.199997,385056
EI.PA,20160511,114.599998,114.900002,113.099998,114.099998,355808
EI.PA,20160510,115.75,116.099998,114.099998,114.699997,386441
EI.PA,20160509,113.050003,115.050003,112.75,115.0,427799
EI.PA,20160506,112.25,112.900002,110.75,112.25,445904
EI.PA,20160505,111.849998,112.5,111.550003,112.400002,317320
EI.PA,20160504,113.150002,113.699997,111.5,111.599998,501367
EI.PA,20160503,114.150002,114.25,112.699997,113.0,437166
EI.PA,20160502,113.5,114.699997,113.5,114.199997,298310
EI.PA,20160429,113.699997,113.849998,112.599998,113.050003,795902
EI.PA,20160428,113.199997,115.050003,112.300003,115.0,483444
EI.PA,20160427,114.0,115.25,112.849998,114.199997,352403
EI.PA,20160426,116.0,116.599998,113.150002,114.0,368064
EI.PA,20160425,115.650002,115.900002,114.75,115.25,457178
EI.PA,20160422,115.0,116.349998,114.650002,115.5,744753
EI.PA,20160421,112.0,114.849998,111.5,114.650002,856979
EI.PA,20160420,111.0,111.800003,110.949997,111.75,557269
EI.PA,20160419,108.900002,111.25,108.349998,111.150002,594392
EI.PA,20160418,107.349998,108.949997,107.150002,108.650002,452021
EI.PA,20160415,110.199997,110.449997,107.949997,108.400002,565833
EI.PA,20160414,110.099998,111.099998,109.849998,110.550003,514775
EI.PA,20160413,107.75,110.0,107.25,110.0,686431
EI.PA,20160412,105.900002,106.599998,104.800003,106.599998,422408
EI.PA,20160411,107.400002,107.849998,105.900002,106.0,370453
EI.PA,20160408,107.050003,107.550003,106.449997,107.449997,430273
EI.PA,20160407,108.0,108.800003,106.25,106.800003,431657
EI.PA,20160406,106.800003,107.75,105.949997,107.75,451618
EI.PA,20160405,106.0,106.800003,105.699997,106.25,488476
EI.PA,20160404,106.699997,108.800003,106.349998,107.400002,487850
EI.PA,20160401,107.900002,107.900002,105.25,106.75,620235
EI.PA,20160331,108.349998,108.650002,107.75,108.550003,624839
EI.PA,20160330,108.199997,109.349998,108.050003,108.800003,329026
EI.PA,20160329,105.949997,107.699997,105.699997,107.699997,552762
EI.PA,20160324,107.800003,107.800003,105.5,105.550003,447387
EI.PA,20160323,107.75,108.849998,107.349998,108.550003,509719
EI.PA,20160322,107.5,107.5,105.650002,107.449997,547817
EI.PA,20160321,108.300003,109.699997,107.699997,108.0,394182
EI.PA,20160318,109.150002,109.550003,107.650002,108.849998,1078981
EI.PA,20160317,111.050003,111.150002,107.75,109.300003,675784
EI.PA,20160316,112.699997,112.699997,109.900002,110.0,538065
EI.PA,20160315,112.599998,113.5,111.900002,112.349998,408905
EI.PA,20160314,112.800003,113.849998,112.449997,113.050003,294583
EI.PA,20160311,112.449997,113.199997,111.5,111.900002,431491
EI.PA,20160310,112.25,116.5,110.349998,110.5,914270
EI.PA,20160309,111.5,112.449997,110.5,111.900002,512831
EI.PA,20160308,110.099998,111.449997,109.0,111.199997,537506
EI.PA,20160307,109.0,110.900002,108.900002,110.900002,553269
EI.PA,20160304,109.099998,110.949997,108.849998,109.5,501044
EI.PA,20160303,110.449997,110.599998,108.099998,108.75,528079
EI.PA,20160302,110.849998,111.599998,109.400002,110.150002,610468
EI.PA,20160301,109.150002,110.849998,108.349998,110.349998,520732
EI.PA,20160229,108.25,109.650002,107.599998,109.650002,543428
EI.PA,20160226,109.400002,110.150002,108.650002,109.0,455015
EI.PA,20160225,108.099998,108.199997,106.300003,107.650002,513994
EI.PA,20160224,108.650002,108.849998,104.599998,105.400002,672745
EI.PA,20160223,109.0,109.800003,108.300003,108.449997,536105
EI.PA,20160222,109.699997,111.050003,109.400002,109.400002,683530
EI.PA,20160219,107.550003,110.449997,106.300003,109.349998,1000995
EI.PA,20160218,111.199997,112.0,110.400002,111.800003,415477
EI.PA,20160217,108.949997,110.550003,108.800003,110.400002,397355
EI.PA,20160216,108.599998,109.5,107.849998,108.599998,457045
EI.PA,20160215,106.150002,108.550003,105.849998,108.0,430139
EI.PA,20160212,103.5,104.300003,102.099998,104.099998,626162
EI.PA,20160211,105.800003,105.800003,103.0,103.0,679809
EI.PA,20160210,104.75,107.800003,104.0,106.849998,547197
EI.PA,20160209,105.349998,105.900002,102.349998,104.550003,737232
EI.PA,20160208,107.949997,108.300003,104.849998,105.599998,657838
EI.PA,20160205,109.650002,110.5,107.5,107.75,486869
EI.PA,20160204,112.849998,112.849998,109.449997,109.849998,487021
EI.PA,20160203,114.75,115.0,111.150002,111.650002,652630
EI.PA,20160202,115.400002,116.099998,114.550003,115.400002,566092
EI.PA,20160201,115.0,115.599998,113.699997,115.599998,497671
EI.PA,20160129,113.0,114.349998,112.050003,114.349998,543205
EI.PA,20160128,113.0,113.400002,110.349998,111.25,471990
EI.PA,20160127,112.0,113.849998,112.0,113.849998,357983
EI.PA,20160126,110.699997,112.699997,110.0,112.449997,438731
EI.PA,20160125,112.050003,113.0,111.400002,112.800003,471376
EI.PA,20160122,110.099998,112.349998,109.75,111.25,645499
EI.PA,20160121,107.550003,110.300003,107.449997,108.5,694436
EI.PA,20160120,108.849998,109.050003,106.199997,107.300003,679851
EI.PA,20160119,111.150002,111.900002,110.5,111.150002,433476
EI.PA,20160118,107.099998,109.800003,107.099998,109.449997,542100
EI.PA,20160115,109.300003,109.800003,106.699997,107.75,868930
EI.PA,20160114,110.400002,110.400002,108.449997,109.5,631038
EI.PA,20160113,112.75,113.349998,111.449997,112.0,459329
EI.PA,20160112,108.25,112.099998,107.25,111.800003,729294
EI.PA,20160111,110.699997,110.949997,108.349998,108.349998,598648
EI.PA,20160108,111.650002,112.300003,110.699997,110.949997,759016
EI.PA,20160107,111.25,112.349998,108.900002,111.849998,828741
EI.PA,20160106,112.349998,112.75,110.25,112.150002,478270
EI.PA,20160105,112.599998,113.0,110.199997,112.849998,499654
EI.PA,20160104,113.300003,113.349998,110.949997,111.800003,565925
EI.PA,20151230,116.050003,117.050003,115.599998,116.25,220979
EI.PA,20151229,114.800003,116.5,114.75,116.5,232968
EI.PA,20151228,114.800003,115.0,114.050003,114.25,257293
EI.PA,20151224,114.0,114.5,113.75,114.5,40896
EI.PA,20151223,113.449997,114.599998,112.75,114.550003,401992
EI.PA,20151222,114.25,114.25,111.699997,112.099998,390481
EI.PA,20151221,115.150002,116.599998,112.900002,112.900002,461367
EI.PA,20151218,115.400002,115.800003,113.900002,115.050003,963469
EI.PA,20151217,118.300003,118.699997,116.400002,116.400002,780197
EI.PA,20151216,114.949997,116.050003,114.699997,114.900002,498755
EI.PA,20151215,113.050003,115.300003,112.650002,114.900002,644737
EI.PA,20151214,113.849998,114.900002,111.800003,111.800003,665052
EI.PA,20151211,115.400002,116.400002,113.400002,113.849998,701737
EI.PA,20151210,115.949997,116.550003,114.449997,115.449997,425092
EI.PA,20151209,117.199997,117.849998,115.900002,116.199997,503306
EI.PA,20151208,119.800003,120.849998,116.75,117.050003,689748
EI.PA,20151207,117.849998,121.0,117.550003,119.550003,573347
EI.PA,20151204,116.949997,117.050003,114.400002,116.25,879087
EI.PA,20151203,123.0,125.0,115.400002,117.5,1177135
EI.PA,20151202,124.0,124.400002,122.300003,122.900002,419126
EI.PA,20151201,124.150002,125.150002,123.150002,123.400002,367248
EI.PA,20151130,123.0,124.550003,122.25,123.550003,524742
EI.PA,20151127,122.75,124.150002,122.550003,123.349998,319686
EI.PA,20151126,122.400002,124.5,122.25,123.550003,290345
EI.PA,20151125,119.25,123.400002,119.199997,122.650002,578014
EI.PA,20151124,121.550003,121.550003,118.099998,119.25,522008
EI.PA,20151123,122.150002,122.449997,120.849998,122.25,278909
EI.PA,20151120,120.949997,122.300003,119.449997,121.949997,482073
EI.PA,20151119,122.0,122.349998,120.550003,120.699997,400427
EI.PA,20151118,122.199997,122.349998,121.0,121.5,351370
EI.PA,20151117,120.900002,123.0,120.699997,122.900002,573633
EI.PA,20151116,118.550003,120.25,118.199997,120.099998,408865
EI.PA,20151113,120.25,120.449997,118.699997,119.599998,528728
EI.PA,20151112,122.699997,123.650002,120.949997,120.949997,623924
EI.PA,20151111,121.400002,123.449997,121.400002,123.150002,361241
EI.PA,20151110,120.400002,121.349998,119.349998,120.949997,342282
EI.PA,20151109,121.800003,121.900002,119.849998,120.0,383423
EI.PA,20151106,121.349998,122.25,119.699997,121.800003,526049
EI.PA,20151105,118.900002,121.800003,118.900002,120.949997,582427
EI.PA,20151104,119.650002,120.5,118.5,118.75,478048
EI.PA,20151103,119.550003,119.650002,118.699997,119.099998,428926
EI.PA,20151102,118.699997,120.5,118.599998,119.349998,405452
EI.PA,20151030,120.5,120.900002,119.099998,119.599998,531197
EI.PA,20151029,119.650002,120.5,118.849998,120.300003,634009
EI.PA,20151028,117.449997,119.199997,117.349998,119.099998,863681
EI.PA,20151027,116.400002,117.699997,115.800003,116.849998,541231
EI.PA,20151026,116.099998,116.949997,115.650002,116.400002,485025
EI.PA,20151023,113.699997,116.550003,113.300003,116.449997,795209
EI.PA,20151022,110.849998,113.349998,110.050003,112.849998,540610
EI.PA,20151021,110.699997,111.349998,110.0,110.75,559362
EI.PA,20151020,111.449997,111.699997,110.199997,110.699997,400512
EI.PA,20151019,109.849998,111.449997,109.75,111.349998,299135
EI.PA,20151016,109.550003,110.150002,108.900002,110.099998,432481
EI.PA,20151015,106.800003,109.050003,106.0,108.800003,512343
EI.PA,20151014,106.199997,107.0,105.199997,105.849998,538790
EI.PA,20151013,106.900002,107.25,105.0,106.949997,603311
EI.PA,20151012,107.5,107.599998,106.0,107.150002,570056
EI.PA,20151009,108.900002,108.949997,106.699997,107.400002,483655
EI.PA,20151008,107.349998,108.449997,106.699997,107.800003,450568
EI.PA,20151007,111.150002,111.150002,107.150002,107.349998,528900
EI.PA,20151006,110.449997,111.599998,109.75,110.550003,390021
EI.PA,20151005,109.0,111.349998,108.849998,110.800003,567686
EI.PA,20151002,108.599998,108.599998,105.25,107.199997,649333
EI.PA,20151001,110.0,110.400002,106.949997,107.199997,659135
EI.PA,20150930,107.650002,109.449997,107.300003,108.900002,868856
EI.PA,20150929,104.949997,106.199997,104.199997,105.5,868781
EI.PA,20150928,108.5,109.150002,106.199997,106.449997,648008
EI.PA,20150925,106.949997,109.599998,106.550003,108.949997,629178
EI.PA,20150924,106.849998,107.25,103.800003,104.949997,760280
EI.PA,20150923,107.0,108.300003,106.300003,107.0,696121
EI.PA,20150922,109.650002,109.650002,106.300003,106.800003,714461
EI.PA,20150921,106.5,109.949997,106.5,109.75,576965
EI.PA,20150918,107.300003,107.800003,105.650002,106.25,1461486
EI.PA,20150917,108.050003,108.300003,106.599998,107.949997,580392
EI.PA,20150916,108.300003,108.949997,107.699997,108.400002,364199
EI.PA,20150915,106.349998,108.050003,106.300003,107.449997,904601
EI.PA,20150914,107.300003,108.400002,106.150002,106.150002,551052
EI.PA,20150911,109.400002,109.400002,106.849998,107.300003,431348
EI.PA,20150910,109.050003,110.199997,108.550003,108.75,551916
EI.PA,20150909,111.150002,111.949997,110.25,110.5,590735
EI.PA,20150908,107.75,110.099998,107.699997,108.699997,554588
EI.PA,20150907,108.599998,108.849998,106.25,107.050003,423415
EI.PA,20150904,106.400002,107.800003,105.800003,107.449997,1171566
EI.PA,20150903,105.650002,108.699997,105.599998,107.75,690310
EI.PA,20150902,105.099998,106.099998,103.849998,104.75,533366
EI.PA,20150901,104.650002,104.75,102.449997,104.25,797743
EI.PA,20150831,106.099998,106.800003,105.5,106.400002,450694
EI.PA,20150828,106.800003,107.050003,105.349998,106.849998,465499
EI.PA,20150827,105.599998,107.150002,105.300003,106.699997,719185
EI.PA,20150826,103.150002,105.199997,101.099998,103.099998,882526
EI.PA,20150825,102.099998,105.849998,101.300003,104.75,1408915
EI.PA,20150824,101.050003,102.849998,95.010002,100.400002,2450144
EI.PA,20150821,107.050003,108.0,104.300003,104.300003,1025742
EI.PA,20150820,111.150002,111.5,109.300003,109.349998,623757
EI.PA,20150819,113.300003,113.550003,111.449997,111.449997,452985
EI.PA,20150818,114.0,115.050003,113.75,114.050003,326140
EI.PA,20150817,114.75,115.550003,112.150002,114.199997,321741
EI.PA,20150814,113.5,114.449997,112.300003,113.599998,313930
EI.PA,20150813,113.150002,114.0,112.650002,113.25,403288
EI.PA,20150812,114.099998,114.300003,111.199997,111.400002,642744
EI.PA,20150811,117.449997,117.449997,115.25,115.300003,422178
EI.PA,20150810,116.550003,117.699997,115.449997,117.400002,304800
EI.PA,20150807,117.099998,117.099998,115.650002,115.900002,466313
EI.PA,20150806,118.699997,119.25,117.349998,117.349998,417739
EI.PA,20150805,118.900002,119.25,118.150002,118.75,541249
EI.PA,20150804,118.199997,118.650002,116.900002,118.599998,443166
EI.PA,20150803,116.75,118.900002,116.599998,118.5,562216
EI.PA,20150731,117.400002,117.449997,115.25,116.599998,686707
EI.PA,20150730,119.75,119.75,115.5,117.900002,723032
EI.PA,20150729,118.300003,119.949997,117.849998,119.75,566611
EI.PA,20150728,116.550003,117.800003,115.900002,117.25,432155
EI.PA,20150727,118.199997,118.449997,115.550003,116.0,639931
EI.PA,20150724,118.75,120.550003,118.550003,118.650002,430103
EI.PA,20150723,120.0,120.0,118.400002,119.25,388104
EI.PA,20150722,118.449997,119.550003,118.150002,118.949997,444011
EI.PA,20150721,120.199997,120.550003,118.699997,119.150002,474636
EI.PA,20150720,119.699997,121.099998,119.449997,119.900002,521327
EI.PA,20150717,119.5,119.699997,118.400002,119.150002,581835
EI.PA,20150716,117.949997,120.150002,117.5,119.300003,728975
EI.PA,20150715,115.099998,117.25,115.050003,117.050003,522617
EI.PA,20150714,113.75,115.550003,113.650002,115.550003,368527
EI.PA,20150713,113.550003,114.349998,113.0,113.650002,602898
EI.PA,20150710,111.099998,111.949997,110.199997,111.599998,938712
EI.PA,20150709,105.300003,108.550003,104.900002,108.099998,756611
EI.PA,20150708,103.75,105.199997,103.550003,104.550003,601996
EI.PA,20150707,105.400002,105.75,103.349998,103.5,764316
EI.PA,20150706,105.300003,106.599998,104.550003,105.050003,795446
EI.PA,20150703,107.099998,107.849998,106.5,107.150002,402961
EI.PA,20150702,109.5,110.150002,107.300003,107.300003,578020
EI.PA,20150701,108.300003,110.650002,107.050003,109.25,724846
EI.PA,20150630,108.550003,109.199997,106.900002,107.0,1118521
EI.PA,20150629,107.300003,111.5,106.849998,108.75,1026071
EI.PA,20150626,111.300003,114.150002,110.650002,112.949997,639184
EI.PA,20150625,110.650002,112.849998,110.550003,112.0,668733
EI.PA,20150624,111.599998,112.449997,110.199997,112.050003,561580
EI.PA,20150623,111.349998,112.400002,110.75,111.75,574861
EI.PA,20150622,108.550003,110.400002,108.25,110.199997,767602
EI.PA,20150619,106.0,108.099998,105.400002,106.25,872460
EI.PA,20150618,104.699997,106.0,103.0,105.900002,586788
EI.PA,20150617,106.699997,106.699997,104.400002,104.900002,620717
EI.PA,20150616,104.900002,106.599998,103.900002,106.349998,679703
EI.PA,20150615,106.75,107.300003,105.050003,105.099998,632674
EI.PA,20150612,109.199997,110.25,107.0,107.900002,521380
EI.PA,20150611,108.400002,111.050003,108.0,109.599998,472270
EI.PA,20150610,105.800003,109.0,105.150002,108.800003,503587
EI.PA,20150609,107.5,107.550003,105.050003,106.25,591872
EI.PA,20150608,108.449997,109.050003,107.5,107.650002,421981
EI.PA,20150605,110.099998,110.099998,108.150002,108.75,451487
EI.PA,20150604,110.800003,112.25,108.25,111.0,509955
EI.PA,20150603,110.650002,112.75,109.900002,111.550003,476779
EI.PA,20150602,112.300003,112.300003,109.849998,110.400002,536958
EI.PA,20150601,111.400002,112.800003,110.849998,111.349998,426644
EI.PA,20150529,114.050003,114.199997,111.099998,111.150002,839700
EI.PA,20150528,113.199997,114.349998,113.199997,113.699997,426369
EI.PA,20150527,112.900002,113.949997,112.0,113.800003,455545
EI.PA,20150526,113.0,113.800003,111.599998,112.050003,533618
EI.PA,20150525,113.349998,113.650002,111.949997,112.699997,108141
EI.PA,20150522,111.849998,113.349998,111.050003,113.349998,520779
EI.PA,20150521,110.800003,111.650002,110.0,111.449997,296742
EI.PA,20150520,111.099998,111.449997,109.699997,111.349998,331035
EI.PA,20150519,108.550003,111.25,108.550003,110.849998,477260
EI.PA,20150518,108.800003,109.650002,106.800003,108.900002,392284
EI.PA,20150515,109.650002,110.0,107.599998,108.849998,568423
EI.PA,20150514,105.849998,109.099998,105.199997,108.900002,334287
EI.PA,20150513,108.050003,109.449997,105.949997,106.300003,428311
EI.PA,20150512,109.25,109.400002,106.449997,107.650002,564912
EI.PA,20150511,111.599998,111.599998,109.25,109.75,433370
EI.PA,20150508,107.550003,111.75,107.150002,111.550003,735943
EI.PA,20150507,106.800003,107.400002,104.400002,106.800003,722471
EI.PA,20150506,107.300003,108.150002,105.5,107.300003,544345
EI.PA,20150505,110.550003,112.25,106.949997,106.949997,628255
EI.PA,20150504,108.599998,110.75,107.699997,110.300003,434167
EI.PA,20150430,108.300003,109.949997,105.150002,108.75,680010
EI.PA,20150429,112.0,112.949997,108.050003,108.050003,595464
EI.PA,20150428,114.349998,114.75,110.650002,111.849998,461559
EI.PA,20150427,113.900002,115.800003,111.949997,114.900002,475698
EI.PA,20150424,113.5,114.199997,112.099998,114.0,455094
EI.PA,20150423,113.449997,114.0,112.199997,112.949997,780485
EI.PA,20150422,113.550003,114.849998,113.050003,113.599998,652742
EI.PA,20150421,111.25,112.699997,110.650002,111.699997,700785
EI.PA,20150420,109.449997,111.300003,109.400002,111.25,475721
EI.PA,20150417,111.5,112.199997,109.099998,109.25,656275
EI.PA,20150416,111.900002,112.25,110.349998,112.099998,424102
EI.PA,20150415,113.849998,114.199997,112.449997,112.75,477242
EI.PA,20150414,113.050003,113.349998,111.949997,112.849998,408414
EI.PA,20150413,112.900002,113.300003,111.75,113.150002,471512
EI.PA,20150410,111.650002,113.050003,111.5,113.050003,444201
EI.PA,20150409,110.300003,111.449997,110.25,111.449997,386918
EI.PA,20150408,110.599998,110.900002,109.599998,110.150002,464782
EI.PA,20150407,109.900002,110.800003,108.949997,110.5,506366
EI.PA,20150402,107.400002,108.900002,107.050003,108.900002,425206
EI.PA,20150401,106.650002,109.050003,106.150002,107.25,575934
EI.PA,20150331,107.0,109.0,106.300003,106.800003,550128
EI.PA,20150330,106.449997,108.099998,106.349998,107.349998,375020
EI.PA,20150327,105.300003,106.599998,104.949997,106.300003,520178
EI.PA,20150326,104.800003,105.0,102.599998,104.599998,740273
EI.PA,20150325,107.699997,108.099998,105.300003,105.300003,614982
EI.PA,20150324,107.449997,108.400002,107.25,108.150002,329512
EI.PA,20150323,108.150002,108.150002,106.099998,107.599998,326446
EI.PA,20150320,107.050003,108.599998,107.050003,108.349998,787778
EI.PA,20150319,106.849998,108.0,106.0,107.050003,505577
EI.PA,20150318,107.150002,107.949997,106.550003,107.400002,439909
EI.PA,20150317,108.900002,109.349998,106.849998,107.199997,416910
EI.PA,20150316,107.550003,109.300003,107.5,108.849998,443541
EI.PA,20150313,107.0,107.800003,105.699997,107.5,391452
EI.PA,20150312,106.5,107.199997,106.349998,106.75,381957
EI.PA,20150311,105.349998,106.900002,105.349998,106.650002,514494
EI.PA,20150310,104.599998,105.150002,103.599998,104.699997,366067
EI.PA,20150309,104.75,105.599998,103.75,104.599998,382358
EI.PA,20150306,106.300003,106.900002,105.150002,105.199997,523656
EI.PA,20150305,104.5,107.199997,104.199997,106.800003,596322
EI.PA,20150304,102.800003,104.349998,102.150002,104.349998,430096
EI.PA,20150303,104.699997,105.050003,102.849998,102.849998,415820
EI.PA,20150302,104.400002,104.900002,103.699997,104.5,495071
EI.PA,20150227,103.300003,104.449997,103.150002,104.449997,493763
EI.PA,20150226,102.900002,103.900002,102.25,103.650002,541577
EI.PA,20150225,102.75,103.550003,101.849998,102.699997,455876
EI.PA,20150224,101.800003,103.25,101.5,102.650002,516867
EI.PA,20150223,100.150002,101.800003,100.150002,101.5,557688
EI.PA,20150220,99.07,100.550003,98.519997,99.309998,1129145
EI.PA,20150219,96.949997,101.0,96.849998,100.5,736328
EI.PA,20150218,95.75,96.33000200000001,95.33000200000001,96.33000200000001,627720
EI.PA,20150217,95.389999,95.389999,94.129997,95.07,546798
EI.PA,20150216,96.339996,96.660004,95.400002,95.400002,444252
EI.PA,20150213,96.839996,96.93,95.769997,96.160004,625027
EI.PA,20150212,95.300003,96.519997,95.029999,96.199997,572117
EI.PA,20150211,95.650002,95.849998,94.66999799999999,95.150002,379424
EI.PA,20150210,95.019997,96.019997,94.379997,95.769997,561202
EI.PA,20150209,95.459999,95.589996,93.870003,95.099998,601254
EI.PA,20150206,96.449997,96.5,94.33000200000001,95.970001,757374
EI.PA,20150205,95.519997,96.540001,95.379997,96.199997,544744
EI.PA,20150204,96.93,96.959999,94.66999799999999,96.480003,1032169
EI.PA,20150203,97.91999799999999,98.349998,97.199997,97.199997,618160
EI.PA,20150202,99.510002,99.980003,96.709999,97.559998,653806
EI.PA,20150130,99.309998,100.150002,98.379997,99.07,579710
EI.PA,20150129,97.940002,99.709999,97.889999,99.120003,533170
EI.PA,20150128,98.720001,100.099998,96.739998,98.339996,718343
EI.PA,20150127,98.410004,99.099998,97.279999,97.940002,785481
EI.PA,20150126,99.0,100.5,98.43,99.120003,736212
EI.PA,20150123,97.400002,99.339996,96.800003,99.339996,1042955
EI.PA,20150122,99.07,99.260002,96.32,96.779999,1157474
EI.PA,20150121,98.639999,99.400002,98.190002,99.360001,801069
EI.PA,20150120,97.760002,99.300003,97.41999799999999,98.599998,596623
EI.PA,20150119,97.779999,98.599998,97.370003,97.68,446924
EI.PA,20150116,96.440002,97.970001,95.519997,97.639999,640053
EI.PA,20150115,94.160004,97.900002,93.32,96.970001,1352135
EI.PA,20150114,93.059998,94.699997,92.470001,93.410004,571268
EI.PA,20150113,93.190002,94.949997,93.110001,94.400002,455391
EI.PA,20150112,91.940002,94.25,91.889999,93.709999,473412
EI.PA,20150109,93.110001,93.970001,91.07,91.449997,562995
EI.PA,20150108,91.32,93.5,90.739998,93.370003,642164
EI.PA,20150107,89.300003,90.800003,88.870003,90.0,508947
EI.PA,20150106,90.510002,90.629997,88.720001,88.720001,547662
EI.PA,20150105,90.690002,93.529999,89.769997,89.849998,827776
EI.PA,20150102,93.0,93.269997,90.809998,91.0,356432
EI.PA,20141231,91.470001,92.82,90.82,92.68,141004
EI.PA,20141230,91.589996,91.849998,90.75,90.75,256626
EI.PA,20141229,91.790001,92.529999,90.93,92.0,332377
EI.PA,20141224,92.5,92.550003,91.300003,91.349998,53101
EI.PA,20141223,91.199997,92.489998,90.949997,92.07,401844
EI.PA,20141222,90.900002,92.559998,90.699997,91.050003,466056
EI.PA,20141219,91.18,92.190002,89.720001,90.800003,947044
EI.PA,20141218,87.5,90.529999,87.220001,90.529999,991090
EI.PA,20141217,86.360001,87.529999,85.5,87.08000200000002,839574
EI.PA,20141216,84.349998,86.959999,82.75,86.959999,1156843
EI.PA,20141215,87.08000200000002,87.480003,84.110001,84.110001,756403
EI.PA,20141212,88.690002,89.08000200000002,86.58000200000002,86.610001,605486
EI.PA,20141211,89.0,89.989998,88.279999,89.25,430592
EI.PA,20141210,89.900002,90.91999799999999,89.019997,89.339996,367075
EI.PA,20141209,91.559998,92.230003,89.57,89.57,690089
EI.PA,20141208,92.540001,93.260002,92.120003,92.529999,466993
EI.PA,20141205,91.400002,92.599998,91.209999,92.559998,609155
EI.PA,20141204,90.639999,92.410004,90.400002,90.610001,1007699
EI.PA,20141203,89.510002,90.660004,89.5,90.510002,473067
EI.PA,20141202,90.5,90.839996,89.41999799999998,89.879997,428996
EI.PA,20141201,89.839996,91.0,89.519997,90.07,450834
EI.PA,20141128,89.400002,90.360001,89.279999,90.300003,760799
EI.PA,20141127,87.379997,89.510002,87.379997,89.360001,502761
EI.PA,20141126,88.790001,89.099998,87.220001,87.379997,454212
EI.PA,20141125,88.970001,89.57,88.639999,88.800003,617541
EI.PA,20141124,88.470001,89.58000200000002,88.379997,88.900002,524111
EI.PA,20141121,87.510002,88.769997,86.629997,88.309998,913224
EI.PA,20141120,87.550003,87.58000200000002,86.269997,87.050003,395754
EI.PA,20141119,87.309998,87.900002,87.059998,87.519997,476733
EI.PA,20141118,86.660004,87.389999,86.370003,87.059998,372243
EI.PA,20141117,85.599998,86.83000200000002,85.290001,86.690002,481625
EI.PA,20141114,87.400002,87.910004,86.010002,86.25,499488
EI.PA,20141113,87.739998,88.029999,86.379997,86.949997,423007
EI.PA,20141112,88.160004,88.199997,87.059998,87.239998,404025
EI.PA,20141111,87.660004,88.540001,87.43,88.190002,413092
EI.PA,20141110,86.019997,87.459999,86.019997,87.400002,435563
EI.PA,20141107,88.08000200000002,88.089996,85.75,85.959999,566028
EI.PA,20141106,87.519997,88.360001,86.110001,87.779999,654482
EI.PA,20141105,86.889999,87.949997,86.760002,87.790001,567571
EI.PA,20141104,87.199997,87.900002,86.139999,86.279999,591333
EI.PA,20141103,88.18,89.050003,86.790001,87.010002,654277
EI.PA,20141031,87.260002,88.550003,87.260002,88.099998,851007
EI.PA,20141030,86.690002,86.699997,84.410004,86.449997,586457
EI.PA,20141029,86.230003,86.760002,85.709999,85.889999,448333
EI.PA,20141028,85.010002,86.150002,84.989998,85.910004,665018
EI.PA,20141027,84.650002,85.160004,83.949997,84.41999799999998,586020
EI.PA,20141024,84.459999,85.010002,83.66999799999998,84.099998,615926
EI.PA,20141023,82.949997,84.699997,82.33000200000002,84.510002,702888
EI.PA,20141022,82.349998,83.07,82.089996,82.970001,569190
EI.PA,20141021,80.75,82.5,80.730003,82.43,696054
EI.PA,20141020,82.16999799999998,82.959999,80.440002,80.870003,843122
EI.PA,20141017,79.019997,82.58000200000002,78.839996,82.470001,1682126
EI.PA,20141016,79.5,80.410004,76.650002,79.010002,1969492
EI.PA,20141015,81.0,81.059998,78.260002,79.279999,1584025
EI.PA,20141014,81.5,81.629997,80.660004,81.220001,942491
EI.PA,20141013,82.5,83.099998,81.459999,81.980003,985594
EI.PA,20141010,83.949997,84.43,82.849998,83.349998,646049
EI.PA,20141009,84.83000200000002,85.33000200000002,84.120003,84.459999,687338
EI.PA,20141008,83.16999799999998,84.050003,83.07,83.75,635603
EI.PA,20141007,85.18,85.230003,83.510002,83.58000200000002,888795
EI.PA,20141006,85.529999,85.910004,85.160004,85.379997,622712
EI.PA,20141003,84.860001,85.309998,84.32,85.089996,547524
EI.PA,20141002,86.199997,86.629997,84.709999,84.709999,840204
EI.PA,20141001,86.57,86.790001,86.019997,86.349998,417536
EI.PA,20140930,85.839996,87.360001,85.650002,86.940002,760884
EI.PA,20140929,85.93,86.339996,84.58000200000002,85.400002,562675
EI.PA,20140926,86.599998,86.980003,85.449997,85.989998,662587
EI.PA,20140925,87.269997,87.5,86.269997,86.550003,699180
EI.PA,20140924,86.800003,87.900002,86.599998,87.480003,716948
EI.PA,20140923,87.349998,87.660004,86.400002,86.720001,695997
EI.PA,20140922,86.980003,87.889999,86.760002,87.459999,588857
EI.PA,20140919,86.720001,87.300003,86.510002,87.269997,1341323
EI.PA,20140918,84.889999,86.5,84.529999,86.260002,799270
EI.PA,20140917,84.940002,85.029999,84.599998,84.760002,706037
EI.PA,20140916,84.589996,84.82,83.889999,84.58000200000002,696655
EI.PA,20140915,83.529999,85.050003,83.43,85.0,680754
EI.PA,20140912,83.800003,84.08000200000002,83.360001,84.010002,447700
EI.PA,20140911,82.25,83.709999,82.019997,83.709999,698344
EI.PA,20140910,82.68,82.949997,81.860001,82.139999,507738
EI.PA,20140909,83.629997,83.83000200000002,82.739998,82.910004,511683
EI.PA,20140908,83.08000200000002,84.16999799999998,82.940002,83.970001,607916
EI.PA,20140905,83.0,83.220001,82.459999,83.089996,537378
EI.PA,20140904,80.870003,83.120003,80.720001,82.989998,980362
EI.PA,20140903,81.529999,82.040001,80.970001,80.989998,658009
EI.PA,20140902,81.790001,82.089996,81.0,81.099998,677124
EI.PA,20140901,80.75,81.970001,80.599998,81.910004,729178
EI.PA,20140829,79.800003,80.720001,79.510002,80.720001,863734
EI.PA,20140828,79.300003,81.0,78.58000200000002,79.480003,1277055
EI.PA,20140827,76.410004,76.900002,75.849998,76.239998,465278
EI.PA,20140826,76.32,76.900002,75.949997,76.610001,513406
EI.PA,20140825,75.089996,76.720001,75.089996,76.629997,460453
EI.PA,20140822,74.83000200000002,75.029999,74.089996,74.410004,505845
EI.PA,20140821,74.5,75.470001,74.449997,74.91999799999998,513296
EI.PA,20140820,73.849998,74.5,73.800003,74.449997,522971
EI.PA,20140819,73.860001,74.139999,73.480003,73.940002,335805
EI.PA,20140818,73.029999,73.839996,72.879997,73.82,354078
EI.PA,20140815,72.57,73.360001,71.839996,72.290001,662086
EI.PA,20140814,72.300003,72.800003,71.699997,72.550003,466206
EI.PA,20140813,71.870003,72.349998,71.559998,72.25,457027
EI.PA,20140812,71.839996,72.0,71.339996,71.489998,425674
EI.PA,20140811,71.879997,72.449997,71.370003,72.120003,400717
EI.PA,20140808,71.5,72.059998,71.160004,71.5,733648
EI.PA,20140807,73.5,73.519997,71.690002,71.730003,604425
EI.PA,20140806,72.989998,73.660004,72.650002,73.470001,479630
EI.PA,20140805,72.199997,73.58000200000002,71.870003,73.379997,407372
EI.PA,20140804,72.519997,72.699997,71.739998,71.879997,503358
EI.PA,20140801,73.089996,73.150002,72.040001,72.400002,514738
EI.PA,20140731,74.18,74.66999799999998,72.550003,72.970001,703242
EI.PA,20140730,73.779999,74.949997,73.529999,74.099998,377153
EI.PA,20140729,73.650002,74.33000200000002,73.470001,73.779999,364834
EI.PA,20140728,73.709999,73.849998,72.959999,73.57,513074
EI.PA,20140725,74.010002,74.639999,73.290001,73.470001,470002
EI.PA,20140724,73.83000200000002,74.57,73.559998,74.239998,405988
EI.PA,20140723,74.220001,74.790001,73.849998,73.970001,328479
EI.PA,20140722,74.190002,74.940002,73.860001,74.559998,472303
EI.PA,20140721,74.449997,74.510002,73.5,74.010002,550692
EI.PA,20140718,73.360001,74.519997,73.260002,74.470001,503429
EI.PA,20140717,74.290001,74.510002,73.410004,73.739998,716754
EI.PA,20140716,73.050003,74.980003,73.040001,74.599998,743612
EI.PA,20140715,73.25,73.790001,72.440002,72.660004,733471
EI.PA,20140714,73.959999,73.959999,72.940002,73.449997,657179
EI.PA,20140711,74.690002,74.760002,73.33000200000002,73.760002,483537
EI.PA,20140710,75.75,75.769997,74.440002,74.58000200000002,543320
EI.PA,20140709,75.980003,76.019997,75.370003,75.910004,448798
EI.PA,20140708,76.08000200000002,76.639999,75.349998,75.660004,551475
EI.PA,20140707,77.199997,77.209999,75.760002,75.809998,373978
EI.PA,20140704,77.730003,77.730003,77.110001,77.239998,258545
EI.PA,20140703,77.190002,77.870003,76.900002,77.629997,545555
EI.PA,20140702,78.099998,78.16999799999998,77.059998,77.269997,426118
EI.PA,20140701,77.269997,78.099998,77.0,78.07,525960
EI.PA,20140630,78.0,78.269997,77.41999799999998,77.449997,445012
EI.PA,20140627,78.529999,78.66999799999998,77.589996,77.870003,538701
EI.PA,20140626,78.339996,79.059998,77.809998,78.529999,728321
EI.PA,20140625,80.230003,80.339996,78.190002,78.209999,704082
EI.PA,20140624,80.129997,80.900002,80.0,80.43,668909
EI.PA,20140623,79.410004,80.089996,78.33000200000002,79.839996,637290
EI.PA,20140620,79.16999799999998,80.0,78.949997,79.010002,1159645
EI.PA,20140619,79.839996,80.019997,79.349998,79.410004,651707
EI.PA,20140618,80.0,80.120003,78.980003,79.059998,576139
EI.PA,20140617,78.199997,79.83000200000002,78.040001,79.83000200000002,777783
EI.PA,20140616,77.550003,78.269997,77.410004,77.769997,672531
EI.PA,20140613,77.800003,78.050003,77.41999799999998,77.889999,350397
EI.PA,20140612,78.519997,78.58000200000002,77.860001,77.860001,480728
EI.PA,20140611,77.470001,78.699997,77.440002,78.040001,547294
EI.PA,20140610,76.839996,77.43,76.83000200000002,77.269997,496956
EI.PA,20140609,76.550003,76.790001,76.209999,76.699997,228684
EI.PA,20140606,76.870003,76.959999,76.41999799999998,76.43,466402
EI.PA,20140605,76.599998,77.540001,76.269997,76.889999,491147
EI.PA,20140604,76.68,76.75,76.110001,76.400002,335527
EI.PA,20140603,77.199997,77.199997,76.510002,76.629997,258354
EI.PA,20140602,77.33000200000002,77.339996,76.519997,77.089996,305037
EI.PA,20140530,77.900002,77.900002,76.66999799999998,77.059998,554980
EI.PA,20140529,77.269997,77.949997,77.220001,77.839996,167569
EI.PA,20140528,77.519997,77.629997,76.910004,77.43,425524
EI.PA,20140527,77.279999,77.760002,77.110001,77.559998,349439
EI.PA,20140526,77.050003,77.5,76.629997,77.410004,183274
EI.PA,20140523,76.800003,77.0,76.07,76.800003,398931
EI.PA,20140522,76.83000200000002,77.349998,76.650002,76.699997,393037
EI.PA,20140521,77.82,78.16999799999998,77.029999,78.0,327408
EI.PA,20140520,78.440002,78.489998,77.699997,77.790001,320198
EI.PA,20140519,77.970001,78.66999799999998,77.66999799999998,78.33000200000002,429165
EI.PA,20140516,78.099998,78.41999799999998,77.260002,78.309998,672520
EI.PA,20140515,79.400002,79.639999,77.970001,78.019997,639712
EI.PA,20140514,79.0,79.58000200000002,78.879997,79.43,411979
EI.PA,20140513,79.57,79.68,78.5,78.980003,567932
EI.PA,20140512,78.290001,79.389999,78.260002,79.349998,403711
EI.PA,20140509,77.980003,78.730003,77.910004,78.32,415325
EI.PA,20140508,77.309998,78.66999799999998,77.309998,78.41999799999998,750904
EI.PA,20140507,75.940002,77.68,75.779999,77.370003,560459
EI.PA,20140506,76.239998,76.550003,75.75,75.940002,375920
EI.PA,20140505,76.489998,76.629997,75.300003,76.41999799999998,368488
EI.PA,20140502,77.260002,77.599998,76.220001,76.449997,449300
EI.PA,20140501,77.089996,77.089996,77.089996,77.089996,0
EI.PA,20140430,76.290001,77.440002,75.809998,77.089996,898972
EI.PA,20140429,79.769997,80.690002,77.160004,77.370003,1117375
EI.PA,20140428,75.309998,76.199997,75.309998,76.199997,529905
EI.PA,20140425,74.309998,75.41999799999998,74.099998,75.220001,673233
EI.PA,20140424,74.519997,74.91999799999998,74.239998,74.68,386677
EI.PA,20140423,73.550003,74.66999799999998,73.529999,74.370003,573149
EI.PA,20140422,72.660004,73.83000200000002,72.370003,73.83000200000002,661430
EI.PA,20140417,72.550003,72.730003,71.620003,72.110001,611984
EI.PA,20140416,72.510002,72.889999,71.559998,72.339996,659738
EI.PA,20140415,72.510002,73.010002,72.089996,72.089996,520662
EI.PA,20140414,71.760002,72.690002,71.519997,72.599998,466806
EI.PA,20140411,72.900002,73.0,71.470001,72.150002,638416
EI.PA,20140410,73.900002,74.239998,73.010002,73.160004,438174
EI.PA,20140409,74.0,74.230003,73.690002,73.900002,362001
EI.PA,20140408,73.959999,74.089996,73.779999,74.010002,686295
EI.PA,20140407,73.559998,74.040001,73.300003,73.800003,421733
EI.PA,20140404,73.889999,74.32,73.540001,74.0,566928
EI.PA,20140403,73.730003,73.91999799999998,73.120003,73.629997,516659
EI.PA,20140402,73.57,73.790001,73.199997,73.599998,433908
EI.PA,20140401,73.480003,73.800003,72.849998,73.41999799999998,509241
EI.PA,20140331,74.470001,74.599998,73.199997,73.199997,529596
EI.PA,20140328,73.529999,74.099998,73.279999,74.050003,444266
EI.PA,20140327,72.66999799999998,73.300003,72.66999799999998,73.230003,510320
EI.PA,20140326,72.849998,73.230003,72.68,72.949997,622824
EI.PA,20140325,72.800003,73.18,72.449997,72.769997,709318
EI.PA,20140324,73.58000200000002,73.800003,72.5,72.760002,544805
EI.PA,20140321,73.959999,74.739998,73.839996,73.900002,746250
EI.PA,20140320,72.300003,73.980003,71.75,73.849998,1009964
EI.PA,20140319,72.129997,73.089996,71.550003,72.93,507853
EI.PA,20140318,71.599998,72.57,71.349998,72.349998,500086
EI.PA,20140317,71.099998,71.66999799999998,70.91999799999998,71.58000200000002,476011
EI.PA,20140314,71.0,71.32,70.510002,71.110001,805237
EI.PA,20140313,72.510002,73.050003,71.339996,71.339996,601760
EI.PA,20140312,72.83000200000002,73.260002,71.639999,71.849998,770072
EI.PA,20140311,73.43,73.58000200000002,72.949997,73.07,454499
EI.PA,20140310,73.129997,73.849998,73.040001,73.239998,503673
EI.PA,20140307,73.800003,74.300003,73.110001,73.239998,550644
EI.PA,20140306,73.139999,74.279999,72.610001,73.709999,645543
EI.PA,20140305,73.589996,73.779999,72.75,73.18,683008
EI.PA,20140304,73.43,74.160004,73.18,73.849998,1001345
EI.PA,20140303,74.41999799999998,74.639999,73.010002,73.07,1048777
EI.PA,20140228,76.050003,76.160004,74.739998,75.660004,808222
EI.PA,20140227,77.220001,77.989998,74.400002,76.33000200000002,1135399
EI.PA,20140226,79.41999799999998,79.41999799999998,78.440002,78.860001,586708
EI.PA,20140225,78.5,79.209999,78.279999,79.129997,597107
EI.PA,20140224,76.970001,78.589996,76.970001,78.589996,548409
EI.PA,20140221,76.910004,77.269997,76.440002,77.019997,540694
EI.PA,20140220,77.089996,77.32,76.379997,76.839996,504920
EI.PA,20140219,76.93,77.940002,76.93,77.769997,366219
EI.PA,20140218,77.529999,77.529999,76.699997,76.900002,341473
EI.PA,20140217,77.050003,77.629997,76.879997,77.199997,247397
EI.PA,20140214,76.980003,77.339996,76.449997,77.099998,392726
EI.PA,20140213,75.650002,76.980003,75.480003,76.839996,407422
EI.PA,20140212,77.129997,77.389999,75.870003,76.0,544611
EI.PA,20140211,76.589996,77.199997,76.309998,77.040001,586302
EI.PA,20140210,76.230003,77.059998,75.75,76.769997,503690
EI.PA,20140207,75.010002,76.25,74.389999,76.150002,673485
EI.PA,20140206,75.349998,75.66999799999998,74.489998,75.449997,626604
EI.PA,20140205,74.610001,75.629997,74.32,75.279999,459661
EI.PA,20140204,75.290001,75.5,74.559998,74.650002,482582
EI.PA,20140203,74.639999,75.790001,74.599998,75.32,659562
EI.PA,20140131,75.290001,75.660004,73.93,74.529999,762728
EI.PA,20140130,76.449997,76.449997,75.099998,75.440002,611817
EI.PA,20140129,77.459999,78.139999,75.68,76.339996,686176
EI.PA,20140128,76.790001,77.279999,76.160004,77.110001,571996
EI.PA,20140127,77.68,78.190002,76.709999,76.709999,647616
EI.PA,20140124,79.940002,80.18,77.610001,77.610001,716699
EI.PA,20140123,80.199997,80.790001,79.139999,79.629997,541766
EI.PA,20140122,80.559998,80.940002,80.160004,80.510002,311911
EI.PA,20140121,79.059998,80.379997,79.059998,80.209999,353043
EI.PA,20140120,79.379997,79.790001,78.889999,79.279999,314984
EI.PA,20140117,78.0,79.900002,77.0,79.379997,1595918
EI.PA,20140116,81.879997,82.0,81.230003,81.290001,450715
EI.PA,20140115,81.599998,82.209999,81.220001,81.949997,463697
EI.PA,20140114,80.889999,81.440002,80.360001,81.279999,375474
EI.PA,20140113,82.300003,82.300003,81.230003,81.400002,436354
EI.PA,20140110,82.769997,83.0,81.629997,82.459999,522224
EI.PA,20140109,82.0,83.75,81.75,82.290001,1130159
EI.PA,20140108,79.849998,81.290001,79.449997,81.269997,1168275
EI.PA,20140107,77.519997,78.139999,77.010002,78.099998,569022
EI.PA,20140106,76.769997,77.889999,76.650002,77.629997,461237
EI.PA,20140103,76.300003,77.089996,76.010002,76.870003,317190
EI.PA,20140102,77.660004,77.910004,76.120003,76.33000200000002,512865
EI.PA,20131231,77.16999799999998,77.540001,77.16999799999998,77.279999,112404
EI.PA,20131230,77.0,77.269997,76.739998,76.91999799999998,488844
EI.PA,20131227,75.809998,76.989998,75.769997,76.93,463421
EI.PA,20131224,75.480003,75.720001,75.059998,75.150002,63910
EI.PA,20131223,75.32,75.449997,74.66999799999998,75.389999,516096
EI.PA,20131220,74.449997,75.110001,74.040001,75.07,1036037
EI.PA,20131219,73.33000200000002,74.66999799999998,73.08000200000002,74.300003,1105780
EI.PA,20131218,72.059998,72.889999,72.059998,72.800003,718799
EI.PA,20131217,72.629997,72.879997,72.0,72.0,517251
EI.PA,20131216,72.519997,73.309998,72.139999,72.839996,535915
EI.PA,20131213,73.220001,73.239998,72.440002,72.709999,447660
EI.PA,20131212,72.5,73.480003,72.089996,73.239998,686990
EI.PA,20131211,73.849998,74.120003,72.879997,72.889999,550073
EI.PA,20131210,74.110001,74.639999,73.83000200000002,73.900002,464926
EI.PA,20131209,75.370003,75.379997,74.160004,74.410004,438884
EI.PA,20131206,75.400002,75.400002,74.099998,75.150002,470883
EI.PA,20131205,74.769997,75.849998,74.400002,75.18,729083
EI.PA,20131204,75.32,75.610001,74.540001,74.540001,705768
EI.PA,20131203,76.400002,76.550003,75.010002,75.019997,500923
EI.PA,20131202,76.839996,77.260002,76.18,76.589996,579197
EI.PA,20131129,77.120003,77.83000200000002,76.93,77.209999,427174
EI.PA,20131128,76.589996,77.5,76.389999,77.32,317937
EI.PA,20131127,75.709999,76.860001,75.589996,76.589996,520534
EI.PA,20131126,76.650002,76.83000200000002,75.120003,75.57,777381
EI.PA,20131125,77.839996,78.160004,76.349998,76.839996,752651
EI.PA,20131122,77.790001,78.440002,77.040001,77.550003,427757
EI.PA,20131121,77.199997,77.559998,76.410004,77.300003,304200
EI.PA,20131120,77.559998,78.339996,77.5,77.639999,321598
EI.PA,20131119,77.360001,77.980003,76.889999,77.760002,388719
EI.PA,20131118,76.849998,77.989998,76.58000200000002,77.690002,447871
EI.PA,20131115,77.339996,77.400002,76.209999,76.879997,628013
EI.PA,20131114,77.949997,77.949997,77.099998,77.389999,553440
EI.PA,20131113,76.82,77.41999799999998,76.209999,77.040001,340578
EI.PA,20131112,76.650002,77.800003,76.349998,77.16999799999998,669028
EI.PA,20131111,76.360001,76.66999799999998,76.0,76.449997,286303
EI.PA,20131108,75.400002,76.510002,75.199997,76.25,713776
EI.PA,20131107,76.290001,76.43,75.209999,75.389999,833360
EI.PA,20131106,76.010002,77.650002,76.010002,76.199997,703814
EI.PA,20131105,76.889999,76.93,75.220001,76.019997,495060
EI.PA,20131104,77.5,77.860001,76.309998,76.540001,539518
EI.PA,20131101,79.32,79.470001,76.660004,77.209999,632501
EI.PA,20131031,78.379997,79.870003,78.360001,79.099998,838915
EI.PA,20131030,78.699997,79.010002,78.230003,78.870003,395884
EI.PA,20131029,77.589996,78.699997,77.57,78.660004,422494
EI.PA,20131028,77.760002,77.879997,77.199997,77.57,409903
EI.PA,20131025,77.449997,77.839996,76.860001,77.160004,609600
EI.PA,20131024,77.5,78.360001,77.0,77.489998,1287776
EI.PA,20131023,79.650002,80.389999,79.099998,80.0,636904
EI.PA,20131022,78.800003,79.91999799999998,78.800003,79.389999,561400
EI.PA,20131021,79.980003,79.980003,78.610001,78.900002,475271
EI.PA,20131018,78.5,79.639999,78.33000200000002,79.32,561018
EI.PA,20131017,78.0,78.650002,77.620003,78.099998,442097
EI.PA,20131016,79.040001,79.489998,77.440002,77.879997,586713
EI.PA,20131015,79.83000200000002,79.910004,78.779999,79.0,462952
EI.PA,20131014,79.449997,80.050003,78.610001,79.480003,419282
EI.PA,20131011,78.900002,79.989998,78.5,79.559998,499364
EI.PA,20131010,78.41999799999998,79.18,77.989998,78.690002,663352
EI.PA,20131009,77.529999,78.589996,77.360001,77.91999799999998,595184
EI.PA,20131008,78.0,78.550003,77.529999,77.529999,734589
EI.PA,20131007,77.82,78.0,76.059998,77.970001,914357
EI.PA,20131004,78.050003,78.25,77.5,77.849998,627390
EI.PA,20131003,77.82,78.690002,77.699997,77.970001,709257
EI.PA,20131002,79.050003,79.110001,76.91999799999998,77.800003,1077068
EI.PA,20131001,79.730003,80.150002,78.5,79.400002,829615
EI.PA,20130930,79.970001,80.599998,79.059998,79.5,873051
EI.PA,20130927,80.610001,80.900002,79.809998,80.800003,459802
EI.PA,20130926,81.519997,81.559998,80.16999799999998,80.58000200000002,459731
EI.PA,20130925,80.529999,81.449997,80.43,81.230003,640613
EI.PA,20130924,81.589996,81.800003,80.08000200000002,80.389999,626666
EI.PA,20130923,83.470001,83.599998,80.940002,81.300003,765810
EI.PA,20130920,82.599998,84.019997,82.41999799999998,83.470001,724576
EI.PA,20130919,84.0,84.099998,82.660004,83.059998,562322
EI.PA,20130918,82.720001,83.08000200000002,82.41999799999998,83.029999,400892
EI.PA,20130917,82.910004,83.739998,82.400002,82.720001,381703
EI.PA,20130916,83.129997,83.400002,82.529999,83.160004,452121
EI.PA,20130913,81.309998,82.620003,81.040001,82.400002,670826
EI.PA,20130912,81.5,81.519997,79.800003,80.75,734225
EI.PA,20130911,81.75,82.720001,81.279999,81.83000200000002,758765
EI.PA,20130910,79.440002,81.540001,79.230003,81.540001,1206254
EI.PA,20130909,80.5,80.690002,79.099998,79.16999799999998,810955
EI.PA,20130906,80.33000200000002,81.120003,79.889999,81.040001,701668
EI.PA,20130905,81.07,81.32,80.230003,80.550003,603851
EI.PA,20130904,82.470001,82.550003,80.300003,81.08000200000002,844254
EI.PA,20130903,83.459999,83.970001,82.190002,82.190002,565866
EI.PA,20130902,82.0,83.43,81.75,83.220001,473070
EI.PA,20130830,83.279999,83.66999799999998,81.41999799999998,81.690002,787937
EI.PA,20130829,84.0,84.0,80.870003,83.760002,1185489
EI.PA,20130828,85.589996,85.849998,84.599998,84.699997,489746
EI.PA,20130827,87.809998,88.160004,84.93,85.269997,567989
EI.PA,20130826,87.059998,87.93,86.559998,87.910004,194761
EI.PA,20130823,86.989998,87.08000200000002,86.230003,86.980003,255228
EI.PA,20130822,87.16999799999998,88.260002,86.800003,87.379997,288266
EI.PA,20130821,87.16999799999998,87.809998,86.91999799999998,87.08000200000002,213360
EI.PA,20130820,88.230003,88.410004,86.43,86.889999,377194
EI.PA,20130819,88.769997,88.769997,87.83000200000002,88.260002,229325
EI.PA,20130816,88.019997,88.83000200000002,87.650002,88.660004,380280
EI.PA,20130815,88.099998,88.300003,87.400002,88.150002,215672
EI.PA,20130814,88.0,88.480003,87.699997,88.18,239358
EI.PA,20130813,88.370003,88.540001,87.459999,87.849998,253512
EI.PA,20130812,88.449997,88.68,87.410004,87.959999,198625
EI.PA,20130809,88.07,88.639999,87.239998,88.449997,308650
EI.PA,20130808,87.910004,88.260002,87.139999,88.139999,435555
EI.PA,20130807,88.449997,88.5,87.230003,88.059998,311967
EI.PA,20130806,87.75,89.089996,87.699997,88.650002,448216
EI.PA,20130805,87.160004,88.129997,86.870003,87.58000200000002,440199
EI.PA,20130802,85.449997,86.980003,84.860001,86.709999,404988
EI.PA,20130801,84.849998,85.279999,84.389999,85.0,449531
EI.PA,20130731,83.889999,84.489998,83.5,84.099998,578231
EI.PA,20130730,85.690002,85.870003,83.720001,84.550003,866778
EI.PA,20130729,82.550003,86.349998,82.550003,85.620003,1210516
EI.PA,20130726,81.029999,81.66999799999998,80.410004,80.639999,333327
EI.PA,20130725,81.690002,81.690002,80.120003,80.639999,436215
EI.PA,20130724,80.309998,81.870003,80.010002,81.459999,506858
EI.PA,20130723,81.260002,81.260002,80.099998,80.239998,382385
EI.PA,20130722,81.410004,81.410004,80.709999,80.91999799999998,382323
EI.PA,20130719,81.529999,81.730003,81.0,81.290001,581846
EI.PA,20130718,81.68,81.889999,81.099998,81.629997,520980
EI.PA,20130717,81.75,82.029999,81.099998,81.720001,402810
EI.PA,20130716,82.889999,82.889999,81.150002,81.449997,379121
EI.PA,20130715,82.599998,83.239998,82.300003,82.589996,263752
EI.PA,20130712,82.559998,83.389999,82.0,82.220001,398269
EI.PA,20130711,82.440002,82.879997,81.41999799999998,82.019997,527551
EI.PA,20130710,82.010002,82.690002,81.470001,81.860001,362013
EI.PA,20130709,82.949997,83.25,81.900002,82.010002,682086
EI.PA,20130708,82.410004,83.879997,82.120003,83.059998,474048
EI.PA,20130705,83.82,84.300003,82.41999799999998,82.41999799999998,483806
EI.PA,20130704,81.349998,83.800003,81.050003,83.699997,730506
EI.PA,20130703,80.489998,80.68,78.709999,79.43,846107
EI.PA,20130702,82.110001,82.139999,80.889999,81.209999,406779
EI.PA,20130701,82.029999,82.529999,81.120003,82.099998,426038
EI.PA,20130628,82.91999799999998,82.91999799999998,81.25,81.739998,741125
EI.PA,20130627,81.440002,82.959999,81.199997,82.650002,658055
EI.PA,20130626,80.5,81.980003,79.83000200000002,81.760002,608174
EI.PA,20130625,79.32,80.790001,78.529999,80.610001,718445
EI.PA,20130624,79.120003,79.540001,77.589996,78.660004,681052
EI.PA,20130621,80.400002,81.290001,79.129997,79.129997,1067471
EI.PA,20130620,81.639999,81.980003,79.660004,79.660004,914207
EI.PA,20130619,83.269997,83.58000200000002,82.209999,83.019997,411182
EI.PA,20130618,83.589996,84.029999,83.150002,83.360001,447939
EI.PA,20130617,82.519997,84.540001,82.349998,84.019997,555427
EI.PA,20130614,83.18,83.190002,81.660004,82.260002,417510
EI.PA,20130613,82.389999,83.010002,82.120003,82.860001,368484
EI.PA,20130612,83.050003,84.860001,83.040001,83.610001,445722
EI.PA,20130611,82.83000200000002,83.43,81.160004,83.349998,656338
EI.PA,20130610,82.800003,83.790001,82.760002,83.089996,361040
EI.PA,20130607,82.510002,83.879997,81.510002,83.389999,603108
EI.PA,20130606,82.639999,83.93,82.43,82.43,434622
EI.PA,20130605,84.290001,84.66999799999998,82.620003,82.620003,585554
EI.PA,20130604,84.889999,85.400002,83.800003,84.339996,393901
EI.PA,20130603,85.760002,85.82,83.949997,84.93,619358
EI.PA,20130531,87.269997,87.269997,85.129997,85.129997,1030854
EI.PA,20130530,86.849998,87.959999,86.029999,87.089996,422127
EI.PA,20130529,88.510002,88.800003,86.910004,86.910004,408226
EI.PA,20130528,88.220001,89.75,88.150002,88.860001,497802
EI.PA,20130527,88.08000200000002,88.790001,87.57,88.18,266386
EI.PA,20130524,89.529999,89.980003,87.07,87.269997,566953
EI.PA,20130523,88.459999,89.43,87.610001,89.43,754216
EI.PA,20130522,88.82,89.900002,88.269997,89.699997,449613
EI.PA,20130521,88.639999,89.519997,88.550003,89.07,363973
EI.PA,20130520,88.470001,88.720001,87.709999,88.620003,246352
EI.PA,20130517,88.08000200000002,88.730003,87.400002,88.220001,1028929
EI.PA,20130516,88.93,89.730003,88.309998,88.629997,346519
EI.PA,20130515,88.970001,89.58000200000002,88.360001,88.900002,316472
EI.PA,20130514,88.779999,89.150002,87.58000200000002,88.730003,318466
EI.PA,20130513,88.199997,88.980003,87.839996,88.160004,300950
EI.PA,20130510,87.0,88.300003,86.970001,87.839996,348224
EI.PA,20130509,87.279999,87.349998,86.540001,86.93,221166
EI.PA,20130508,85.339996,86.959999,84.980003,86.959999,323742
EI.PA,20130507,85.849998,86.0,84.959999,85.559998,347112
EI.PA,20130506,85.339996,85.989998,84.589996,85.449997,207935
EI.PA,20130503,84.480003,85.68,83.480003,85.559998,485736
EI.PA,20130502,84.440002,85.510002,83.93,84.489998,762341
EI.PA,20130430,86.0,86.0,84.349998,85.440002,470488
EI.PA,20130429,85.0,85.949997,84.83000200000002,85.5,468923
EI.PA,20130426,85.050003,85.620003,84.360001,84.75,380244
EI.PA,20130425,85.639999,85.790001,83.93,85.41999799999998,695688
EI.PA,20130424,85.480003,86.720001,84.949997,86.150002,680297
EI.PA,20130423,81.949997,85.08000200000002,81.860001,85.059998,634965
EI.PA,20130422,83.139999,83.599998,81.059998,81.739998,424453
EI.PA,20130419,83.190002,83.360001,81.730003,82.989998,648321
EI.PA,20130418,80.480003,83.260002,80.43,82.5,702522
EI.PA,20130417,83.33000200000002,83.769997,79.900002,79.900002,872403
EI.PA,20130416,84.239998,84.459999,82.940002,82.940002,411569
EI.PA,20130415,84.040001,84.83000200000002,83.610001,84.510002,487172
EI.PA,20130412,84.790001,85.160004,83.489998,84.18,503145
EI.PA,20130411,84.589996,86.110001,84.559998,85.360001,395949
EI.PA,20130410,83.5,84.879997,82.660004,84.860001,600272
EI.PA,20130409,84.230003,84.33000200000002,82.470001,82.940002,412780
EI.PA,20130408,83.050003,84.540001,82.800003,83.849998,311749
EI.PA,20130405,85.370003,85.599998,82.230003,82.639999,887103
EI.PA,20130404,87.769997,87.800003,85.809998,85.849998,510376
EI.PA,20130403,88.760002,89.260002,87.08000200000002,87.150002,527645
EI.PA,20130402,85.440002,89.040001,85.440002,89.019997,703487
EI.PA,20130328,85.540001,87.040001,85.540001,86.75,518766
EI.PA,20130327,87.699997,87.769997,84.779999,85.510002,869295
EI.PA,20130326,88.489998,88.510002,86.889999,87.410004,525949
EI.PA,20130325,89.309998,89.989998,87.860001,88.019997,683633
EI.PA,20130322,85.889999,88.660004,85.889999,88.279999,792870
EI.PA,20130321,87.410004,87.410004,84.769997,85.589996,634136
EI.PA,20130320,85.889999,87.709999,85.559998,87.68,758621
EI.PA,20130319,86.089996,86.150002,85.279999,85.290001,899620
EI.PA,20130318,85.089996,88.459999,84.099998,86.0,1106059
EI.PA,20130315,85.099998,85.760002,84.550003,85.760002,1022820
EI.PA,20130314,82.989998,85.220001,82.099998,85.110001,1065438
EI.PA,20130313,80.339996,82.57,80.33000200000002,82.489998,655393
EI.PA,20130312,79.010002,80.139999,78.779999,80.139999,452421
EI.PA,20130311,79.379997,79.699997,78.800003,79.559998,331472
EI.PA,20130308,79.970001,80.18,78.900002,79.440002,499495
EI.PA,20130307,80.110001,80.589996,79.459999,79.849998,444246
EI.PA,20130306,80.360001,80.739998,79.519997,79.720001,534128
EI.PA,20130305,80.510002,81.120003,80.199997,80.5,634196
EI.PA,20130304,79.620003,81.0,79.43,80.360001,487109
EI.PA,20130301,78.589996,80.110001,78.589996,79.589996,694848
EI.PA,20130228,76.0,80.790001,74.730003,79.050003,1835838
EI.PA,20130227,74.58000200000002,75.239998,74.139999,74.620003,649859
EI.PA,20130226,74.160004,75.160004,73.849998,74.199997,708001
EI.PA,20130225,75.839996,77.07,75.709999,75.900002,648722
EI.PA,20130222,73.019997,75.800003,72.739998,75.730003,820154
EI.PA,20130221,73.019997,73.139999,71.900002,72.650002,612644
EI.PA,20130220,73.389999,73.970001,72.91999799999998,73.900002,576686
EI.PA,20130219,72.849998,73.389999,72.690002,73.239998,466850
EI.PA,20130218,72.529999,73.019997,71.900002,72.849998,414526
EI.PA,20130215,73.510002,74.019997,72.660004,72.760002,547145
EI.PA,20130214,73.339996,74.839996,73.16999799999998,73.639999,479792
EI.PA,20130213,73.620003,74.389999,73.190002,73.629997,500265
EI.PA,20130212,72.739998,73.739998,72.699997,73.379997,402263
EI.PA,20130211,72.83000200000002,73.43,72.650002,72.910004,342496
EI.PA,20130208,73.389999,73.709999,72.5,73.120003,489381
EI.PA,20130207,73.410004,74.010002,72.440002,73.010002,423631
EI.PA,20130206,74.440002,74.440002,72.370003,73.379997,539144
EI.PA,20130205,73.699997,74.41999799999998,73.58000200000002,74.230003,544202
EI.PA,20130204,76.18,76.400002,73.620003,73.620003,615975
EI.PA,20130201,75.089996,76.75,75.089996,76.059998,573367
EI.PA,20130131,75.5,75.800003,74.010002,75.089996,1033193
EI.PA,20130130,77.379997,77.599998,76.760002,76.910004,468460
EI.PA,20130129,76.66999799999998,77.260002,76.5,77.010002,323809
EI.PA,20130128,77.5,77.550003,76.66999799999998,76.66999799999998,316106
EI.PA,20130125,77.650002,77.959999,77.190002,77.559998,456154
EI.PA,20130124,78.190002,78.550003,77.620003,77.790001,372685
EI.PA,20130123,76.519997,78.199997,76.519997,78.0,472884
EI.PA,20130122,76.230003,77.010002,76.150002,76.519997,374509
EI.PA,20130121,75.989998,76.370003,75.699997,76.25,185493
EI.PA,20130118,76.16999799999998,76.489998,75.389999,75.690002,341039
EI.PA,20130117,75.860001,76.389999,75.519997,76.190002,364385
EI.PA,20130116,75.33000200000002,76.349998,75.269997,76.029999,364618
EI.PA,20130115,75.379997,75.690002,74.849998,75.410004,461401
EI.PA,20130114,75.43,75.639999,74.639999,75.639999,375474
EI.PA,20130111,75.66999799999998,75.989998,75.110001,75.309998,350317
EI.PA,20130110,76.059998,76.120003,75.190002,75.5,323959
EI.PA,20130109,77.150002,77.199997,75.699997,76.199997,354342
EI.PA,20130108,74.959999,76.230003,74.959999,76.099998,359242
EI.PA,20130107,76.400002,76.5,75.099998,75.16999799999998,416999
EI.PA,20130104,76.540001,77.040001,76.150002,76.720001,385889
EI.PA,20130103,77.230003,77.230003,76.279999,76.900002,268613
EI.PA,20130102,77.209999,77.389999,76.360001,77.300003,617302
EI.PA,20121228,76.220001,76.540001,75.349998,75.389999,276548
EI.PA,20121227,76.230003,76.639999,75.889999,76.16999799999998,321648
EI.PA,20121221,75.730003,76.150002,75.269997,75.57,810595
EI.PA,20121220,76.050003,76.339996,75.660004,75.660004,669475
EI.PA,20121219,77.0,77.029999,76.120003,76.339996,583500
EI.PA,20121218,76.699997,77.400002,76.43,76.699997,554315
EI.PA,20121217,77.120003,77.519997,75.860001,76.519997,522891
EI.PA,20121214,77.370003,77.889999,77.08000200000002,77.099998,489106
EI.PA,20121213,77.489998,77.75,77.0,77.300003,521066
EI.PA,20121212,78.0,78.239998,76.980003,77.599998,415340
EI.PA,20121211,77.559998,78.0,77.220001,78.0,468480
EI.PA,20121210,76.900002,77.690002,76.269997,77.589996,359555
EI.PA,20121207,76.93,77.400002,76.709999,76.949997,383229
EI.PA,20121206,76.489998,77.410004,76.349998,76.91999799999998,548192
EI.PA,20121205,76.510002,76.660004,75.779999,76.0,371754
EI.PA,20121204,75.099998,76.16999799999998,75.099998,75.959999,436557
EI.PA,20121203,74.41999799999998,75.639999,74.08000200000002,75.129997,473079
EI.PA,20121130,75.199997,75.610001,74.25,74.25,482643
EI.PA,20121129,75.0,75.440002,74.529999,75.160004,452612
EI.PA,20121128,74.0,74.989998,74.0,74.870003,412267
EI.PA,20121127,74.190002,74.949997,74.110001,74.400002,457767
EI.PA,20121126,73.980003,74.199997,73.730003,73.779999,337485
EI.PA,20121123,74.18,74.33000200000002,73.43,74.230003,434539
EI.PA,20121122,73.5,74.010002,73.089996,74.010002,292176
EI.PA,20121121,72.459999,73.41999799999998,72.25,73.290001,398581
EI.PA,20121120,70.559998,72.550003,70.529999,72.370003,536753
EI.PA,20121119,70.059998,70.599998,69.769997,70.599998,636315
EI.PA,20121116,70.379997,71.599998,69.93,69.93,640495
EI.PA,20121115,70.699997,70.949997,70.050003,70.290001,364806
EI.PA,20121114,70.989998,71.650002,70.900002,71.07,377055
EI.PA,20121113,70.510002,71.449997,70.440002,71.300003,479213
EI.PA,20121112,71.139999,71.139999,70.389999,70.879997,313987
EI.PA,20121109,70.510002,71.300003,70.129997,71.150002,432475
EI.PA,20121108,70.660004,71.019997,70.029999,70.410004,396735
EI.PA,20121107,72.160004,72.760002,70.050003,70.050003,697222
EI.PA,20121106,71.389999,72.300003,71.379997,72.139999,363482
EI.PA,20121105,72.16999799999998,72.190002,71.620003,71.620003,358571
EI.PA,20121102,72.089996,72.620003,71.25,72.410004,505078
EI.PA,20121101,69.629997,72.129997,69.010002,71.989998,689325
EI.PA,20121031,70.019997,70.32,69.43,69.550003,385540
EI.PA,20121030,69.860001,70.160004,69.650002,70.08000200000001,326006
EI.PA,20121029,69.610001,70.120003,69.290001,69.760002,293307
EI.PA,20121026,69.050003,70.349998,69.010002,69.709999,582367
EI.PA,20121025,69.309998,70.239998,69.25,69.300003,617656
EI.PA,20121024,68.639999,69.58000200000001,68.150002,69.489998,623572
EI.PA,20121023,69.550003,69.610001,67.940002,68.309998,708954
EI.PA,20121022,70.050003,70.360001,69.260002,69.529999,464777
EI.PA,20121019,69.93,70.209999,69.709999,70.0,673843
EI.PA,20121018,71.449997,71.5,69.970001,70.129997,566020
EI.PA,20121017,71.559998,71.709999,70.790001,71.029999,572072
EI.PA,20121016,70.379997,71.809998,70.260002,71.41999799999998,702479
EI.PA,20121015,69.540001,70.57,69.5,69.790001,459743
EI.PA,20121012,70.540001,70.540001,69.529999,69.529999,615579
EI.PA,20121011,69.910004,70.599998,69.800003,70.519997,401888
EI.PA,20121010,70.010002,70.650002,69.849998,70.110001,466394
EI.PA,20121009,70.959999,71.059998,70.0,70.010002,550662
EI.PA,20121008,71.139999,71.540001,70.5,70.699997,573066
EI.PA,20121005,71.959999,72.16999799999998,70.41999799999998,71.519997,993464
EI.PA,20121004,72.720001,73.150002,71.620003,71.699997,532583
EI.PA,20121003,73.190002,73.199997,72.08000200000002,72.41999799999998,622560
EI.PA,20121002,73.0,73.989998,72.629997,73.529999,452018
EI.PA,20121001,72.889999,73.900002,72.889999,73.400002,708315
EI.PA,20120928,74.269997,74.75,72.870003,72.870003,751084
EI.PA,20120927,73.5,74.040001,73.370003,73.809998,429973
EI.PA,20120926,73.900002,74.150002,73.019997,73.18,643925
EI.PA,20120925,73.639999,74.260002,73.489998,73.910004,436547
EI.PA,20120924,73.879997,73.940002,73.08000200000002,73.589996,401312
EI.PA,20120921,73.900002,74.349998,73.269997,74.349998,1450952
EI.PA,20120920,73.190002,74.099998,72.709999,73.620003,514060
EI.PA,20120919,73.220001,73.470001,72.82,73.339996,534708
EI.PA,20120918,72.879997,73.339996,72.550003,72.83000200000002,526077
EI.PA,20120917,72.839996,73.209999,72.300003,72.660004,432144
EI.PA,20120914,74.0,74.0,72.269997,73.120003,669732
EI.PA,20120913,72.620003,73.5,72.440002,73.150002,651326
EI.PA,20120912,73.720001,73.91999799999998,72.360001,72.720001,587625
EI.PA,20120911,72.300003,73.800003,72.279999,73.610001,596795
EI.PA,20120910,72.599998,74.379997,71.82,72.269997,669721
EI.PA,20120907,73.849998,74.220001,72.269997,72.370003,949731
EI.PA,20120906,71.08000200000002,73.849998,71.050003,73.849998,951766
EI.PA,20120905,70.110001,71.470001,69.639999,71.190002,583788
EI.PA,20120904,70.440002,70.889999,69.690002,69.690002,532283
EI.PA,20120903,69.269997,70.57,69.120003,70.57,511051
EI.PA,20120831,68.949997,71.08000200000002,68.040001,69.389999,1318616
EI.PA,20120830,69.120003,71.07,68.849998,70.589996,898571
EI.PA,20120829,69.209999,69.309998,68.43,68.849998,365314
EI.PA,20120828,69.129997,69.449997,68.599998,68.839996,313722
EI.PA,20120827,68.540001,69.440002,68.379997,69.440002,425438
EI.PA,20120824,68.129997,69.279999,67.870003,68.970001,533072
EI.PA,20120823,68.08000200000001,68.300003,67.43,67.959999,584378
EI.PA,20120822,69.489998,69.57,67.510002,67.510002,434458
EI.PA,20120821,68.190002,69.400002,68.190002,69.379997,416783
EI.PA,20120820,68.139999,68.93,67.779999,68.150002,392945
EI.PA,20120817,68.91999799999999,69.18,67.959999,68.0,558522
EI.PA,20120816,69.199997,69.199997,68.5,68.889999,384036
EI.PA,20120815,68.43,69.18,68.43,69.0,272182
EI.PA,20120814,68.129997,68.83000200000001,68.089996,68.83000200000001,419587
EI.PA,20120813,68.0,68.300003,67.699997,67.800003,412415
EI.PA,20120810,68.279999,68.949997,68.190002,68.190002,421297
EI.PA,20120809,69.08000200000001,69.440002,68.5,68.559998,441771
EI.PA,20120808,68.900002,69.550003,68.82,68.83000200000001,466427
EI.PA,20120807,69.489998,70.480003,69.040001,69.139999,654883
EI.PA,20120806,69.379997,69.809998,68.900002,69.519997,567094
EI.PA,20120803,68.800003,69.589996,68.800003,69.230003,917963
EI.PA,20120802,70.220001,70.629997,68.660004,68.660004,937648
EI.PA,20120801,70.940002,71.459999,70.129997,70.269997,495342
EI.PA,20120731,71.699997,72.33000200000002,70.839996,70.839996,717525
EI.PA,20120730,71.66999799999998,71.83000200000002,70.349998,71.699997,644400
EI.PA,20120727,71.0,71.370003,69.849998,71.370003,718358
EI.PA,20120726,68.32,70.949997,67.510002,70.949997,1178947
EI.PA,20120725,68.730003,68.989998,68.209999,68.339996,494624
EI.PA,20120724,69.25,69.25,68.519997,68.75,896011
EI.PA,20120723,72.269997,72.440002,68.190002,68.959999,1163245
EI.PA,20120720,73.790001,74.300003,72.879997,72.879997,911629
EI.PA,20120719,72.379997,73.949997,72.339996,73.870003,686336
EI.PA,20120718,72.150002,72.360001,71.849998,72.360001,503348
EI.PA,20120717,72.0,72.309998,71.760002,71.949997,443423
EI.PA,20120716,72.099998,72.099998,71.400002,71.889999,397560
EI.PA,20120713,71.639999,72.279999,71.639999,72.199997,483212
EI.PA,20120712,73.029999,73.07,71.33000200000002,71.720001,625636
EI.PA,20120711,73.059998,73.809998,72.620003,73.25,504705
EI.PA,20120710,72.739998,73.489998,72.489998,73.18,572569
EI.PA,20120709,73.32,73.489998,72.279999,72.599998,624288
EI.PA,20120706,74.529999,75.0,73.559998,73.559998,565749
EI.PA,20120705,74.800003,75.349998,73.949997,74.57,872857
EI.PA,20120704,74.870003,75.489998,74.510002,74.959999,464327
EI.PA,20120703,74.150002,75.139999,73.639999,75.139999,721427
EI.PA,20120702,73.379997,74.300003,73.150002,74.150002,751345
EI.PA,20120629,72.610001,73.33000200000002,71.639999,73.300003,1017159
EI.PA,20120628,71.900002,72.41999799999998,70.900002,71.220001,573720
EI.PA,20120627,71.940002,72.33000200000002,71.400002,71.940002,587480
EI.PA,20120626,72.529999,73.050003,71.349998,71.660004,832484
EI.PA,20120625,73.199997,73.309998,72.190002,72.489998,694429
EI.PA,20120622,74.010002,74.089996,73.349998,73.690002,508554
EI.PA,20120621,73.360001,74.599998,72.769997,74.07,1156862
EI.PA,20120620,74.459999,74.83000200000002,73.389999,73.650002,599651
EI.PA,20120619,73.800003,75.519997,73.699997,74.529999,1562502
EI.PA,20120618,72.699997,73.82,72.389999,73.400002,1091046
EI.PA,20120615,73.08000200000002,73.620003,71.940002,72.5,8259132
EI.PA,20120614,72.849998,73.199997,72.32,73.199997,852409
EI.PA,20120613,72.980003,73.120003,72.339996,72.93,756752
EI.PA,20120612,72.589996,73.540001,72.389999,72.720001,712352
EI.PA,20120611,73.300003,73.730003,72.389999,72.470001,715202
EI.PA,20120608,71.599998,72.809998,71.5,72.769997,578371
EI.PA,20120607,70.709999,72.269997,70.709999,71.940002,757176
EI.PA,20120606,69.959999,70.650002,69.639999,70.57,852124
EI.PA,20120605,68.279999,70.220001,68.089996,69.949997,805099
EI.PA,20120604,68.209999,68.470001,67.540001,67.93,707758
EI.PA,20120601,69.690002,70.290001,67.91999799999999,68.339996,911391
EI.PA,20120531,69.040001,69.279999,68.220001,69.08000200000001,855755
EI.PA,20120530,69.910004,69.91999799999999,68.849998,68.980003,517893
EI.PA,20120529,69.480003,70.660004,69.480003,70.25,421846
EI.PA,20120528,69.230003,69.839996,68.83000200000001,69.360001,1775104
EI.PA,20120525,68.410004,69.16999799999999,68.33000200000001,69.120003,1954192
EI.PA,20120524,67.889999,68.720001,67.699997,68.32,588115
EI.PA,20120523,69.010002,69.529999,68.129997,68.220001,513428
EI.PA,20120522,69.18,69.5,68.290001,69.449997,546654
EI.PA,20120521,68.300003,69.550003,68.089996,69.099998,376642
EI.PA,20120518,68.470001,68.769997,67.529999,68.25,577077
EI.PA,20120517,69.290001,69.470001,68.720001,68.760002,208830
EI.PA,20120516,68.940002,69.190002,68.309998,69.0,448562
EI.PA,20120515,69.0,70.089996,68.889999,69.239998,516102
EI.PA,20120514,69.290001,69.370003,68.260002,68.82,314393
EI.PA,20120511,67.860001,69.629997,67.519997,69.510002,506906
EI.PA,20120510,67.910004,67.91999799999999,66.75,67.58000200000001,348234
EI.PA,20120509,67.18,67.449997,66.449997,67.449997,336579
EI.PA,20120508,67.91999799999999,68.019997,66.599998,66.91999799999999,408407
EI.PA,20120507,66.5,67.900002,66.400002,67.82,235817
EI.PA,20120504,68.129997,68.489998,67.019997,67.120003,382913
EI.PA,20120503,67.370003,68.440002,67.269997,68.059998,293652
EI.PA,20120502,67.220001,67.550003,66.599998,67.150002,394936
EI.PA,20120430,67.220001,67.489998,66.540001,66.540001,341506
EI.PA,20120427,66.470001,67.709999,66.050003,67.370003,509778
EI.PA,20120426,66.309998,66.879997,65.709999,66.75,531343
EI.PA,20120425,65.699997,66.690002,65.489998,66.690002,628814
EI.PA,20120424,64.260002,66.139999,64.089996,65.779999,829190
EI.PA,20120423,64.0,64.599998,63.619999,63.810001,533869
EI.PA,20120420,65.190002,65.650002,63.939999,64.029999,613273
EI.PA,20120419,66.639999,66.889999,65.260002,65.260002,717686
EI.PA,20120418,66.199997,66.769997,66.199997,66.410004,378084
EI.PA,20120417,66.16999799999999,66.66999799999999,66.059998,66.489998,415926
EI.PA,20120416,65.139999,66.639999,65.059998,66.470001,491624
EI.PA,20120413,66.199997,66.25,65.230003,65.230003,529487
EI.PA,20120412,65.790001,66.459999,65.269997,66.25,571074
EI.PA,20120411,66.400002,66.410004,65.58000200000001,65.800003,478216
EI.PA,20120410,66.199997,66.68,65.849998,66.470001,511696
EI.PA,20120405,66.870003,66.900002,66.160004,66.480003,442801
EI.PA,20120404,68.139999,68.400002,66.58000200000001,66.68,593902
EI.PA,20120403,68.410004,68.66999799999999,68.08000200000001,68.309998,366659
EI.PA,20120402,66.730003,68.400002,66.66999799999999,68.379997,489656
EI.PA,20120330,66.720001,67.309998,66.440002,66.83000200000001,581624
EI.PA,20120329,66.589996,66.650002,65.82,65.82,351532
EI.PA,20120328,65.349998,66.68,65.32,66.599998,369724
EI.PA,20120327,65.860001,66.029999,65.309998,65.440002,357279
EI.PA,20120326,65.230003,66.199997,65.0,66.0,264234
EI.PA,20120323,64.989998,65.260002,64.760002,65.239998,238403
EI.PA,20120322,64.889999,65.150002,64.58000200000001,65.0,443373
EI.PA,20120321,64.489998,64.959999,64.370003,64.900002,353452
EI.PA,20120320,64.18,64.660004,63.98,64.650002,295819
EI.PA,20120319,64.300003,64.440002,63.830002,64.18,251870
EI.PA,20120316,64.0,64.660004,63.369999,64.620003,572690
EI.PA,20120315,63.619999,64.190002,63.490002000000004,63.830002,365497
EI.PA,20120314,63.700001,64.099998,63.290001000000004,63.849998,362066
EI.PA,20120313,63.119999,63.540001000000004,63.119999,63.509997999999996,324756
EI.PA,20120312,63.119999,63.200001,62.52,63.18,463882
EI.PA,20120309,62.0,63.369999,61.91,63.299999,484438
EI.PA,20120308,61.130001,62.060001,61.040001000000004,62.060001,397873
EI.PA,20120307,60.970001,61.380001,60.73,61.110001000000004,345691
EI.PA,20120306,61.650002,62.02,61.02,61.150002,600261
EI.PA,20120305,60.779999,61.880001,60.689999,61.720001,427920
EI.PA,20120302,60.700001,61.0,60.700001,60.790001000000004,317446
EI.PA,20120301,58.599998,61.790001000000004,58.040001000000004,61.009997999999996,815817
EI.PA,20120229,59.650002,60.060001,59.549999,59.759997999999996,377002
EI.PA,20120228,59.880001,59.98,59.549999,59.700001,350697
EI.PA,20120227,59.490002000000004,60.0,59.290001000000004,59.73,465169
EI.PA,20120224,59.900002,60.169998,59.540001000000004,59.700001,644114
EI.PA,20120223,58.380001,59.82,58.209998999999996,59.68,716320
EI.PA,20120222,58.18,58.419998,57.959998999999996,58.130001,290705
EI.PA,20120221,58.080002,58.389998999999996,58.02,58.27,376642
EI.PA,20120220,58.290001000000004,58.389998999999996,57.98,58.080002,270792
EI.PA,20120217,58.5,58.66,57.68,58.0,398525
EI.PA,20120216,58.990002000000004,58.990002000000004,57.93,58.259997999999996,429787
EI.PA,20120215,58.189999,59.0,58.0,59.0,472335
EI.PA,20120214,56.799999,58.060001,56.799999,57.900002,456820
EI.PA,20120213,56.790001000000004,57.060001,56.439999,56.91,256598
EI.PA,20120210,56.450001,56.900002,56.400002,56.470001,379482
EI.PA,20120209,56.400002,56.75,56.189999,56.700001,357687
EI.PA,20120208,56.880001,56.889998999999996,56.18,56.259997999999996,389938
EI.PA,20120207,56.509997999999996,56.639998999999996,56.290001000000004,56.509997999999996,456519
EI.PA,20120206,56.43,56.66,56.259997999999996,56.299999,483832
EI.PA,20120203,56.84,56.950001,56.349998,56.73,596997
EI.PA,20120202,57.049999,57.279999,56.630001,56.77,421827
EI.PA,20120201,56.25,57.139998999999996,56.150002,57.049999,601007
EI.PA,20120131,56.759997999999996,56.939999,55.700001,56.0,722625
EI.PA,20120130,55.540001000000004,56.810001,55.509997999999996,56.810001,659410
EI.PA,20120127,57.279999,57.290001000000004,55.779999,55.779999,650203
EI.PA,20120126,56.610001000000004,57.360001000000004,56.549999,57.360001000000004,438711
EI.PA,20120125,56.939999,57.200001,56.34,56.509997999999996,389024
EI.PA,20120124,56.150002,56.790001000000004,56.0,56.709998999999996,400614
EI.PA,20120123,56.18,56.400002,55.610001000000004,56.330002,326894
EI.PA,20120120,57.209998999999996,57.27,55.75,56.080002,768933
EI.PA,20120119,57.18,57.5,56.849998,57.099998,434177
EI.PA,20120118,57.049999,57.200001,56.779999,57.029999,408326
EI.PA,20120117,57.43,57.43,56.759997999999996,57.25,427203
EI.PA,20120116,56.630001,57.130001,56.439999,57.0,171714
EI.PA,20120113,57.209998999999996,57.450001,56.630001,56.75,281068
EI.PA,20120112,56.959998999999996,57.330002,56.630001,57.110001000000004,443644
EI.PA,20120111,56.07,57.009997999999996,56.060001,57.009997999999996,540626
EI.PA,20120110,55.970001,56.790001000000004,55.889998999999996,56.360001000000004,424770
EI.PA,20120109,55.23,55.689999,54.970001,55.689999,285081
EI.PA,20120106,55.110001000000004,55.32,54.84,55.200001,289368
EI.PA,20120105,55.740002000000004,55.970001,54.860001000000004,54.860001000000004,614935
EI.PA,20120104,55.709998999999996,56.43,55.16,55.470001,566376
EI.PA,20120103,55.139998999999996,55.560001,55.040001000000004,55.560001,343765
EI.PA,20120102,54.549999,55.16,54.5,55.16,202952
EI.PA,20111230,54.470001,54.639998999999996,53.889998999999996,54.549999,131777
EI.PA,20111229,53.759997999999996,54.34,53.630001,54.34,157420
EI.PA,20111228,53.630001,54.150002,53.560001,53.560001,231334
EI.PA,20111227,53.599998,53.900002,53.509997999999996,53.700001,171995
EI.PA,20111223,52.950001,53.650002,52.84,53.650002,226952
EI.PA,20111222,52.209998999999996,52.98,52.110001000000004,52.700001,269730
EI.PA,20111221,52.5,52.84,51.810001,52.09,457684
EI.PA,20111220,52.009997999999996,52.5,51.630001,52.389998999999996,410825
EI.PA,20111219,51.610001000000004,52.41,51.540001000000004,52.16,307277
EI.PA,20111216,51.959998999999996,52.16,51.580002,51.889998999999996,525946
EI.PA,20111215,52.400002,52.400002,51.540001000000004,51.75,554712
EI.PA,20111214,53.400002,53.41,52.169998,52.169998,548869
EI.PA,20111213,53.02,53.57,52.689999,53.549999,518803
EI.PA,20111212,52.790001000000004,53.389998999999996,52.599998,52.919998,321105
EI.PA,20111209,52.830002,53.23,52.59,52.880001,413350
EI.PA,20111208,53.290001000000004,53.889998999999996,53.110001000000004,53.110001000000004,618135
EI.PA,20111207,51.779999,53.09,51.77,53.029999,508910
EI.PA,20111206,51.959998999999996,52.029999,51.490002000000004,51.639998999999996,344750
EI.PA,20111205,52.599998,52.630001,51.73,52.029999,432547
EI.PA,20111202,53.0,53.049999,52.029999,52.299999,521648
EI.PA,20111201,52.860001000000004,53.560001,52.779999,52.869999,402943
EI.PA,20111130,51.939999,53.32,51.709998999999996,53.110001000000004,732745
EI.PA,20111129,51.400002,52.040001000000004,51.139998999999996,52.040001000000004,367528
EI.PA,20111128,51.630001,52.080002,51.169998,51.48,548511
EI.PA,20111125,50.790001000000004,51.400002,50.299999,51.360001000000004,492312
EI.PA,20111124,51.700001,51.790001000000004,50.759997999999996,50.799999,464472
EI.PA,20111123,51.099998,51.709998999999996,50.849998,51.68,409415
EI.PA,20111122,51.77,51.830002,50.830002,51.43,444877
EI.PA,20111121,52.25,52.25,50.939999,51.02,450154
EI.PA,20111118,52.709998999999996,52.75,52.290001000000004,52.290001000000004,373026
EI.PA,20111117,52.220001,53.189999,52.189999,52.869999,643442
EI.PA,20111116,52.389998999999996,52.77,51.93,52.220001,310792
EI.PA,20111115,51.939999,52.830002,51.380001,52.43,390645
EI.PA,20111114,52.709998999999996,52.849998,52.0,52.130001,246950
EI.PA,20111111,51.889998999999996,52.75,51.470001,52.48,247145
EI.PA,20111110,51.580002,52.220001,51.310001,51.75,307990
EI.PA,20111109,52.700001,52.869999,51.849998,52.040001000000004,412975
EI.PA,20111108,53.009997999999996,53.32,52.630001,52.669998,374484
EI.PA,20111107,52.849998,53.080002,52.52,52.869999,351228
EI.PA,20111104,52.34,53.279999,52.060001,53.049999,653629
EI.PA,20111103,50.639998999999996,52.32,50.380001,52.32,590166
EI.PA,20111102,51.48,51.59,50.369999,51.200001,687514
EI.PA,20111101,51.849998,52.040001000000004,50.5,51.080002,675234
EI.PA,20111031,52.939999,53.200001,52.400002,52.400002,522300
EI.PA,20111028,53.5,53.700001,52.950001,53.299999,513797
EI.PA,20111027,53.599998,53.990002000000004,52.91,53.240002000000004,702585
EI.PA,20111026,52.419998,53.150002,52.189999,52.93,396707
EI.PA,20111025,52.41,52.919998,52.189999,52.450001,468712
EI.PA,20111024,52.5,52.900002,52.259997999999996,52.490002000000004,431973
EI.PA,20111021,51.049999,52.66,50.549999,52.48,754754
EI.PA,20111020,51.290001000000004,51.540001000000004,50.630001,50.950001,714543
EI.PA,20111019,51.900002,52.07,51.279999,51.369999,398312
EI.PA,20111018,50.849998,52.0,50.43,51.759997999999996,728377
EI.PA,20111017,51.189999,51.34,50.540001000000004,51.09,725529
EI.PA,20111014,50.639998999999996,51.240002000000004,50.490002000000004,51.169998,758775
EI.PA,20111013,50.790001000000004,51.220001,50.299999,50.549999,758257
EI.PA,20111012,51.099998,51.34,50.759997999999996,51.0,780004
EI.PA,20111011,52.950001,52.950001,51.220001,51.43,1121796
EI.PA,20111010,53.700001,53.75,53.060001,53.48,346372
EI.PA,20111007,52.84,53.349998,52.639998999999996,53.279999,580546
EI.PA,20111006,53.240002000000004,53.5,52.560001,52.889998999999996,656566
EI.PA,20111005,52.57,53.25,52.0,53.18,579071
EI.PA,20111004,52.639998999999996,52.700001,51.889998999999996,52.220001,699590
EI.PA,20111003,53.189999,53.400002,52.740002000000004,52.900002,571916
EI.PA,20110930,54.669998,54.669998,53.599998,53.990002000000004,567066
EI.PA,20110929,54.540001000000004,54.919998,54.200001,54.5,396959
EI.PA,20110928,53.630001,54.830002,53.490002000000004,54.549999,582148
EI.PA,20110927,54.02,54.040001000000004,53.23,53.779999,674434
EI.PA,20110926,52.040001000000004,53.73,51.919998,53.450001,695735
EI.PA,20110923,53.349998,53.43,51.73,52.93,717063
EI.PA,20110922,53.900002,54.189999,52.900002,52.98,617643
EI.PA,20110921,55.290001000000004,55.5,54.689999,54.700001,539683
EI.PA,20110920,53.939999,55.419998,53.540001000000004,55.240002000000004,569763
EI.PA,20110919,54.27,54.900002,54.169998,54.709998999999996,376158
EI.PA,20110916,55.169998,55.450001,54.57,55.450001,971763
EI.PA,20110915,54.790001000000004,55.25,54.32,55.25,638805
EI.PA,20110914,53.439999,54.639998999999996,53.279999,54.189999,638186
EI.PA,20110913,54.779999,54.849998,53.57,54.299999,793811
EI.PA,20110912,54.34,54.93,53.93,54.93,718589
EI.PA,20110909,55.610001000000004,56.200001,55.25,55.25,703546
EI.PA,20110908,55.889998999999996,55.990002000000004,54.75,55.990002000000004,542755
EI.PA,20110907,54.5,55.990002000000004,54.0,55.669998,771300
EI.PA,20110906,52.889998999999996,54.049999,52.880001,53.91,782262
EI.PA,20110905,52.889998999999996,53.220001,52.540001000000004,52.540001000000004,715463
EI.PA,20110902,53.73,54.080002,53.240002000000004,53.369999,509752
EI.PA,20110901,53.299999,54.459998999999996,52.950001,54.23,501095
EI.PA,20110831,52.450001,53.380001,52.25,53.380001,606683
EI.PA,20110830,52.66,53.02,51.59,52.200001,594431
EI.PA,20110829,53.360001000000004,53.580002,52.490002000000004,52.490002000000004,428859
EI.PA,20110826,53.5,53.5,52.02,52.970001,702902
EI.PA,20110825,54.009997999999996,54.5,52.540001000000004,53.130001,626607
EI.PA,20110824,53.720001,54.439999,53.23,53.740002000000004,574359
EI.PA,20110823,53.23,53.98,52.82,53.41,685370
EI.PA,20110822,51.630001,53.259997999999996,51.630001,52.950001,527835
EI.PA,20110819,52.0,52.900002,51.529999,51.959998999999996,1345468
EI.PA,20110818,52.869999,53.389998999999996,51.450001,52.16,670062
EI.PA,20110817,52.209998999999996,53.419998,51.939999,53.279999,570917
EI.PA,20110816,51.860001000000004,52.599998,51.040001000000004,52.349998,585220
EI.PA,20110815,52.619999,53.02,51.959998999999996,52.150002,556082
EI.PA,20110812,50.900002,52.169998,49.650002,52.169998,891184
EI.PA,20110811,50.900002,51.470001,49.130001,50.950001,1342279
EI.PA,20110810,51.290001000000004,52.16,49.689999,49.689999,1401555
EI.PA,20110809,49.540001000000004,50.509997999999996,46.884997999999996,50.34,1815412
EI.PA,20110808,51.099998,51.529999,49.654999,49.654999,1024984
EI.PA,20110805,51.810001,53.060001,51.200001,51.59,1255630
EI.PA,20110804,54.299999,54.490002000000004,52.889998999999996,52.889998999999996,959246
EI.PA,20110803,54.360001000000004,54.5,53.630001,53.73,653265
EI.PA,20110802,55.099998,55.540001000000004,54.669998,54.77,431113
EI.PA,20110801,56.259997999999996,56.529999,55.23,55.25,415380
EI.PA,20110729,56.380001,56.380001,55.709998999999996,55.91,497021
EI.PA,20110728,57.009997999999996,57.16,56.5,56.700001,537682
EI.PA,20110727,57.0,57.720001,56.759997999999996,57.439999,561249
EI.PA,20110726,56.860001000000004,57.16,56.48,57.099998,421959
EI.PA,20110725,56.580002,57.23,56.400002,56.869999,420812
EI.PA,20110722,56.380001,56.709998999999996,55.869999,56.709998999999996,397674
EI.PA,20110721,56.139998999999996,56.459998999999996,55.200001,56.200001,452745
EI.PA,20110720,55.540001000000004,55.869999,55.259997999999996,55.779999,408635
EI.PA,20110719,56.18,56.32,55.290001000000004,55.299999,531047
EI.PA,20110718,56.52,57.220001,56.09,56.09,470246
EI.PA,20110715,55.68,57.040001000000004,55.650002,57.0,713095
EI.PA,20110714,55.66,56.490002000000004,55.5,55.709998999999996,236013
EI.PA,20110713,55.529999,56.369999,55.400002,56.119999,386171
EI.PA,20110712,55.82,56.240002000000004,55.060001,55.639998999999996,789549
EI.PA,20110711,56.060001,56.84,56.060001,56.490002000000004,626202
EI.PA,20110708,56.419998,57.040001000000004,56.07,56.599998,564365
EI.PA,20110707,56.5,56.740002000000004,56.09,56.41,565111
EI.PA,20110706,56.5,56.57,56.060001,56.349998,394503
EI.PA,20110705,56.099998,56.549999,55.959998999999996,56.34,390887
EI.PA,20110704,56.169998,56.369999,56.0,56.189999,274615
EI.PA,20110701,55.93,56.080002,55.759997999999996,56.07,302240
EI.PA,20110630,55.98,56.150002,55.459998999999996,55.93,438533
EI.PA,20110629,55.16,56.029999,55.16,55.880001,508079
EI.PA,20110628,54.880001,55.209998999999996,54.57,54.959998999999996,348063
EI.PA,20110627,54.41,55.0,54.389998999999996,54.84,268376
EI.PA,20110624,54.580002,55.0,54.32,54.400002,470608
EI.PA,20110623,54.490002000000004,54.900002,54.040001000000004,54.400002,379731
EI.PA,20110622,54.709998999999996,54.939999,54.360001000000004,54.630001,335301
EI.PA,20110621,54.27,54.700001,54.189999,54.669998,368999
EI.PA,20110620,53.009997999999996,54.16,53.0,54.119999,450531
EI.PA,20110617,54.009997999999996,54.689999,53.720001,54.240002000000004,616311
EI.PA,20110616,55.189999,55.439999,54.119999,54.380001,815896
EI.PA,20110615,55.509997999999996,55.639998999999996,55.169998,55.389998999999996,305217
EI.PA,20110614,54.959998999999996,55.810001,54.849998,55.599998,353023
EI.PA,20110613,54.82,55.130001,54.720001,54.889998999999996,147241
EI.PA,20110610,55.5,55.799999,54.709998999999996,54.709998999999996,358023
EI.PA,20110609,55.169998,55.759997999999996,54.75,55.720001,363620
EI.PA,20110608,55.299999,55.810001,55.23,55.299999,354719
EI.PA,20110607,55.889998999999996,55.990002000000004,55.380001,55.580002,425379
EI.PA,20110606,55.23,56.16,54.959998999999996,55.939999,489313
EI.PA,20110603,55.009997999999996,55.52,54.810001,55.240002000000004,426042
EI.PA,20110602,55.720001,55.720001,55.110001000000004,55.110001000000004,342152
EI.PA,20110601,56.330002,56.470001,56.0,56.009997999999996,478107
EI.PA,20110531,55.82,56.27,55.700001,56.27,707762
EI.PA,20110530,55.68,56.27,55.48,55.599998,219395
EI.PA,20110527,55.700001,56.0,55.549999,55.700001,446528
EI.PA,20110526,55.119999,55.610001000000004,55.099998,55.419998,459012
EI.PA,20110525,54.84,55.43,54.59,55.18,457965
EI.PA,20110524,55.009997999999996,55.32,54.630001,55.220001,452807
EI.PA,20110523,55.389998999999996,55.720001,54.880001,55.0,502680
EI.PA,20110520,56.130001,56.32,55.669998,55.810001,510431
EI.PA,20110519,55.740002000000004,56.41,55.529999,56.119999,613325
EI.PA,20110518,54.93,55.5,54.93,55.389998999999996,410437
EI.PA,20110517,55.860001000000004,55.860001000000004,54.669998,54.77,464877
EI.PA,20110516,55.650002,56.349998,55.43,56.0,478101
EI.PA,20110513,56.650002,56.98,56.369999,56.610001000000004,461704
EI.PA,20110512,56.279999,56.599998,55.970001,56.509997999999996,385903
EI.PA,20110511,56.700001,57.049999,56.400002,56.529999,712503
EI.PA,20110510,56.27,57.0,56.189999,56.66,399540
EI.PA,20110509,56.560001,56.689999,55.880001,56.130001,404341
EI.PA,20110506,56.139998999999996,56.689999,56.0,56.630001,590677
EI.PA,20110505,55.790001000000004,56.279999,55.400002,56.09,384865
EI.PA,20110504,56.040001000000004,56.560001,55.470001,55.650002,615493
EI.PA,20110503,56.490002000000004,56.610001000000004,56.009997999999996,56.279999,424738
EI.PA,20110502,56.57,56.650002,56.34,56.389998999999996,251383
EI.PA,20110429,56.099998,56.790001000000004,56.009997999999996,56.52,421707
EI.PA,20110428,55.66,56.150002,55.330002,56.139998999999996,426757
EI.PA,20110427,55.630001,55.790001000000004,55.310001,55.5,407605
EI.PA,20110426,55.529999,55.779999,55.169998,55.639998999999996,527578
EI.PA,20110421,55.900002,56.049999,55.060001,55.509997999999996,590172
EI.PA,20110420,55.450001,56.279999,55.450001,55.77,695751
EI.PA,20110419,54.59,55.310001,53.27,55.290001000000004,587483
EI.PA,20110418,55.400002,55.68,54.689999,54.689999,737867
EI.PA,20110415,54.59,55.349998,54.470001,55.349998,431995
EI.PA,20110414,54.150002,54.619999,54.0,54.5,389209
EI.PA,20110413,53.98,54.540001000000004,53.66,54.5,459650
EI.PA,20110412,53.599998,54.0,53.5,53.779999,537162
EI.PA,20110411,53.599998,54.0,53.459998999999996,53.650002,398587
EI.PA,20110408,53.459998999999996,53.82,53.349998,53.82,407508
EI.PA,20110407,53.669998,53.77,53.32,53.330002,303201
EI.PA,20110406,53.650002,53.959998999999996,53.380001,53.66,446306
EI.PA,20110405,53.080002,53.599998,52.919998,53.529999,333676
EI.PA,20110404,52.950001,53.23,52.389998999999996,53.0,474522
EI.PA,20110401,52.689999,53.0,52.450001,53.0,511010
EI.PA,20110331,52.490002000000004,52.860001000000004,52.290001000000004,52.400002,500258
EI.PA,20110330,52.0,52.700001,51.849998,52.650002,515813
EI.PA,20110329,51.73,51.950001,51.389998999999996,51.84,312179
EI.PA,20110328,51.52,51.900002,51.380001,51.790001000000004,323745
EI.PA,20110325,51.549999,51.919998,51.02,51.470001,414813
EI.PA,20110324,50.689999,51.610001000000004,50.349998,51.48,676301
EI.PA,20110323,49.904999,50.939999,49.849998,50.82,786342
EI.PA,20110322,50.07,50.189999,49.849998,49.959998999999996,731743
EI.PA,20110321,50.0,50.259997999999996,49.689999,50.110001000000004,643665
EI.PA,20110318,49.285,50.0,49.200001,49.669998,1122469
EI.PA,20110317,49.544998,49.705002,48.779999,49.240002000000004,1194330
EI.PA,20110316,50.060001,50.369999,49.459998999999996,49.459998999999996,1233948
EI.PA,20110315,51.02,51.360001000000004,50.09,50.169998,1119488
EI.PA,20110314,51.57,52.119999,51.509997999999996,51.720001,722163
EI.PA,20110311,51.75,52.290001000000004,51.68,51.990002000000004,850421
EI.PA,20110310,52.099998,52.259997999999996,51.75,52.259997999999996,622453
EI.PA,20110309,51.689999,52.330002,51.450001,52.32,794467
EI.PA,20110308,51.619999,51.700001,51.119999,51.529999,686396
EI.PA,20110307,51.849998,52.09,51.529999,51.529999,454531
EI.PA,20110304,51.790001000000004,52.68,51.709998999999996,51.939999,626246
EI.PA,20110303,51.02,51.860001000000004,50.82,51.790001000000004,796873
EI.PA,20110302,51.0,51.650002,50.619999,51.080002,1312248
EI.PA,20110301,51.41,52.75,51.41,52.650002,620257
EI.PA,20110228,51.740002000000004,52.119999,51.509997999999996,51.75,403686
EI.PA,20110225,51.419998,51.98,51.040001000000004,51.82,548009
EI.PA,20110224,51.509997999999996,51.869999,51.389998999999996,51.52,399021
EI.PA,20110223,51.880001,52.099998,51.59,51.900002,558577
EI.PA,20110222,51.57,52.369999,51.220001,52.110001000000004,1006251
EI.PA,20110221,51.619999,51.75,51.240002000000004,51.59,467295
EI.PA,20110218,51.68,51.77,51.209998999999996,51.66,340443
EI.PA,20110217,51.419998,51.66,51.220001,51.650002,315004
EI.PA,20110216,51.77,51.880001,51.240002000000004,51.41,418070
EI.PA,20110215,51.459998999999996,52.200001,51.200001,51.849998,515236
EI.PA,20110214,50.889998999999996,51.450001,50.509997999999996,51.209998999999996,468961
EI.PA,20110211,50.82,51.09,50.380001,50.900002,444447
EI.PA,20110210,50.549999,51.049999,50.549999,51.009997999999996,369705
EI.PA,20110209,50.25,50.950001,50.200001,50.59,618561
EI.PA,20110208,49.880001,50.349998,49.5,50.299999,587957
EI.PA,20110207,49.724998,50.09,49.66,50.0,509041
EI.PA,20110204,49.689999,49.825001,49.599998,49.825001,416781
EI.PA,20110203,49.525002,49.785,49.32,49.724998,545522
EI.PA,20110202,49.345001,49.75,49.0,49.599998,659442
EI.PA,20110201,48.904999,49.325001,48.825001,49.264998999999996,619657
EI.PA,20110131,49.380001,49.380001,48.615002000000004,48.825001,843857
EI.PA,20110128,48.575001,49.325001,48.305,48.415001000000004,676512
EI.PA,20110127,48.195,48.700001,47.900002,48.395,558085
EI.PA,20110126,47.939999,48.334998999999996,47.834998999999996,48.169998,495295
EI.PA,20110125,47.52,47.974998,47.18,47.855,587663
EI.PA,20110124,47.014998999999996,47.564999,46.605,47.415001000000004,563598
EI.PA,20110121,47.220001,47.82,46.93,46.93,648583
EI.PA,20110120,47.985001000000004,48.174999,47.02,47.139998999999996,731440
EI.PA,20110119,48.544998,48.634997999999996,48.049999,48.110001000000004,358854
EI.PA,20110118,48.98,48.98,48.279999,48.465,405088
EI.PA,20110117,48.98,49.150002,48.580002,48.66,211477
EI.PA,20110114,48.994999,49.07,48.605,48.740002000000004,462556
EI.PA,20110113,49.0,49.119999,48.869999,48.939999,659241
EI.PA,20110112,48.345001,49.290001000000004,48.305,48.84,544410
EI.PA,20110111,48.360001000000004,48.59,48.060001,48.459998999999996,358578
EI.PA,20110110,48.349998,48.645,48.049999,48.275002,379840
EI.PA,20110107,48.435001,48.724998,48.105,48.400002,395468
EI.PA,20110106,48.945,49.060001,48.32,48.395,492951
EI.PA,20110105,48.900002,49.0,48.595001,48.75,409139
EI.PA,20110104,48.27,48.965,47.834998999999996,48.965,585588
EI.PA,20110103,48.595001,49.095001,48.285,48.48,367843
EI.PA,20101230,49.575001,49.639998999999996,49.110001000000004,49.255001,206242
EI.PA,20101229,49.700001,49.900002,49.529999,49.540001000000004,170354
EI.PA,20101228,49.564999,49.755001,49.445,49.66,137371
EI.PA,20101227,49.349998,49.73,49.014998999999996,49.564999,175007
EI.PA,20101223,49.424999,49.584998999999996,49.105,49.509997999999996,251134
EI.PA,20101222,49.360001000000004,49.650002,49.165001000000004,49.43,416858
EI.PA,20101221,49.5,49.639998999999996,49.18,49.424999,471100
EI.PA,20101220,49.23,49.465,49.040001000000004,49.294998,416273
EI.PA,20101217,49.68,49.849998,48.91,49.224998,956005
EI.PA,20101216,49.595001,49.689999,49.334998999999996,49.555,525338
EI.PA,20101215,49.450001,49.740002000000004,49.32,49.48,563978
EI.PA,20101214,49.099998,49.560001,49.055,49.560001,449753
EI.PA,20101213,49.029999,49.455002,49.029999,49.209998999999996,586642
EI.PA,20101210,49.134997999999996,49.349998,48.93,49.099998,429962
EI.PA,20101209,49.099998,49.485001000000004,48.799999,49.119999,509600
EI.PA,20101208,48.799999,49.400002,48.695,49.07,539217
EI.PA,20101207,49.075001,49.310001,48.759997999999996,48.82,575603
EI.PA,20101206,48.799999,49.035,48.665001000000004,48.974998,341834
EI.PA,20101203,48.59,49.09,48.59,49.009997999999996,582411
EI.PA,20101202,48.095001,48.830002,47.799999,48.830002,701238
EI.PA,20101201,47.775002,48.450001,47.415001000000004,48.415001000000004,779763
EI.PA,20101130,47.224998,48.205002,47.220001,48.134997999999996,1085601
EI.PA,20101129,47.880001,47.880001,47.174999,47.23,692867
EI.PA,20101126,47.535,48.09,47.48,47.904999,539532
EI.PA,20101125,47.735001000000004,48.075001,47.330002,47.865002000000004,511898
EI.PA,20101124,47.450001,47.955002,47.400002,47.84,480660
EI.PA,20101123,47.639998999999996,47.799999,47.465,47.494999,420223
EI.PA,20101122,48.310001,48.334998999999996,47.645,47.740002000000004,555760
EI.PA,20101119,48.009997999999996,48.244999,47.705002,48.139998999999996,736832
EI.PA,20101118,48.505001,48.674999,48.365002000000004,48.560001,491286
EI.PA,20101117,47.994999,48.455002,47.924999,48.455002,559494
EI.PA,20101116,47.884997999999996,48.099998,47.709998999999996,47.970001,484407
EI.PA,20101115,47.884997999999996,48.060001,47.695,47.994999,390674
EI.PA,20101112,47.855,48.23,47.689999,48.0,428501
EI.PA,20101111,48.139998999999996,48.275002,48.0,48.040001000000004,250638
EI.PA,20101110,47.915001000000004,48.200001,47.91,48.119999,505359
EI.PA,20101109,47.955002,48.145,47.799999,47.974998,400578
EI.PA,20101108,48.040001000000004,48.240002000000004,47.810001,47.970001,475686
EI.PA,20101105,47.884997999999996,48.32,47.764998999999996,48.084998999999996,513196
EI.PA,20101104,48.415001000000004,48.485001000000004,47.709998999999996,47.834998999999996,621542
EI.PA,20101103,48.294998,48.314999,47.950001,48.005001,609253
EI.PA,20101102,47.669998,48.334998999999996,47.625,48.205002,563711
EI.PA,20101101,48.040001000000004,48.095001,47.25,47.654999,612199
EI.PA,20101029,47.845001,48.185001,47.450001,47.98,591201
EI.PA,20101028,48.455002,48.490002000000004,47.875,48.009997999999996,430562
EI.PA,20101027,48.119999,48.77,47.84,48.125,920614
EI.PA,20101026,47.355,48.209998999999996,46.764998999999996,48.105,893369
EI.PA,20101025,47.950001,48.209998999999996,47.279999,47.360001000000004,790015
EI.PA,20101022,48.599998,48.849998,47.904999,48.0,822289
EI.PA,20101021,48.814999,49.200001,48.525002,48.935001,450175
EI.PA,20101020,48.830002,48.904999,48.555,48.849998,367116
EI.PA,20101019,48.935001,49.139998999999996,48.52,48.849998,401575
EI.PA,20101018,49.099998,49.599998,49.014998999999996,49.035,380408
EI.PA,20101015,49.009997999999996,49.279999,48.564999,49.224998,519440
EI.PA,20101014,48.845001,49.365002000000004,48.799999,49.035,696301
EI.PA,20101013,49.369999,49.619999,47.875,47.875,387120
EI.PA,20101012,49.044998,49.285,48.235001000000004,49.165001000000004,525925
EI.PA,20101011,49.365002000000004,49.470001,49.084998999999996,49.299999,294779
EI.PA,20101008,49.595001,49.845001,49.200001,49.349998,492361
EI.PA,20101007,49.880001,49.950001,49.349998,49.59,393859
EI.PA,20101006,50.080002,50.349998,49.735001000000004,49.955002,488872
EI.PA,20101005,49.445,50.25,49.349998,49.915001000000004,370145
EI.PA,20101004,50.279999,50.299999,49.369999,49.424999,412117
EI.PA,20101001,50.41,50.860001000000004,50.139998999999996,50.299999,570544
EI.PA,20100930,50.0,51.169998,49.799999,50.470001,842518
EI.PA,20100929,49.849998,50.450001,49.759997999999996,50.290001000000004,552901
EI.PA,20100928,49.5,49.900002,49.139998999999996,49.775002,504940
EI.PA,20100927,49.264998999999996,49.77,49.0,49.474998,401818
EI.PA,20100924,49.0,49.27,48.549999,49.23,587307
EI.PA,20100923,49.0,49.07,48.389998999999996,49.049999,518807
EI.PA,20100922,49.099998,49.150002,48.59,48.825001,716361
EI.PA,20100921,48.990002000000004,49.200001,48.834998999999996,48.865002000000004,601320
EI.PA,20100920,48.73,49.09,48.599998,49.005001,349965
EI.PA,20100917,48.884997999999996,49.055,48.419998,48.674999,797071
EI.PA,20100916,48.814999,49.195,48.380001,48.490002000000004,671160
EI.PA,20100915,48.794998,48.950001,48.584998999999996,48.810001,357598
EI.PA,20100914,48.66,48.814999,48.619999,48.744999,326158
EI.PA,20100913,48.775002,48.825001,48.419998,48.625,419823
EI.PA,20100910,48.375,48.645,48.255001,48.389998999999996,430442
EI.PA,20100909,48.064999,48.445,47.945,48.275002,628087
EI.PA,20100908,48.005001,48.235001000000004,47.91,48.075001,520340
EI.PA,20100907,48.325001,48.439999,47.875,48.115002000000004,553710
EI.PA,20100906,48.424999,48.544998,48.139998999999996,48.325001,428910
EI.PA,20100903,48.305,48.424999,47.91,48.080002,634617
EI.PA,20100902,48.189999,48.404999,48.029999,48.23,374578
EI.PA,20100901,48.049999,48.43,47.705002,48.43,612502
EI.PA,20100831,47.564999,48.0,47.490002000000004,47.895,878132
EI.PA,20100830,48.130001,48.294998,47.900002,48.049999,439906
EI.PA,20100827,48.0,48.200001,46.560001,47.970001,893829
EI.PA,20100826,48.470001,48.560001,47.945,48.200001,763610
EI.PA,20100825,48.549999,48.599998,47.919998,48.224998,367099
EI.PA,20100824,48.474998,48.790001000000004,48.345001,48.584998999999996,382970
EI.PA,20100823,48.775002,48.985001000000004,48.599998,48.790001000000004,272872
EI.PA,20100820,48.759997999999996,48.950001,48.200001,48.615002000000004,408747
EI.PA,20100819,49.705002,50.0,48.82,48.855,542863
EI.PA,20100818,49.5,49.755001,48.955002,49.560001,383694
EI.PA,20100817,49.044998,49.785,48.790001000000004,49.580002,557858
EI.PA,20100816,48.360001000000004,49.0,48.035,48.900002,425543
EI.PA,20100813,48.099998,48.34,47.93,48.119999,380271
EI.PA,20100812,47.514998999999996,48.310001,47.514998999999996,48.075001,303933
EI.PA,20100811,48.005001,48.205002,47.740002000000004,47.740002000000004,494475
EI.PA,20100810,48.494999,48.584998999999996,48.119999,48.325001,291797
EI.PA,20100809,48.610001000000004,48.794998,48.360001000000004,48.584998999999996,241293
EI.PA,20100806,48.41,48.799999,47.869999,48.060001,385630
EI.PA,20100805,48.18,48.799999,48.080002,48.189999,336335
EI.PA,20100804,47.695,48.235001000000004,47.650002,48.23,457193
EI.PA,20100803,48.345001,48.514998999999996,47.799999,47.919998,642919
EI.PA,20100802,48.099998,48.880001,48.049999,48.605,431957
EI.PA,20100730,47.415001000000004,48.275002,47.235001000000004,48.0,677310
EI.PA,20100729,48.355,48.540001000000004,47.485001000000004,47.540001000000004,744800
EI.PA,20100728,48.735001000000004,48.805,48.285,48.290001000000004,503113
EI.PA,20100727,48.615002000000004,49.450001,48.52,48.799999,620700
EI.PA,20100726,49.16,49.16,48.505001,48.715,296708
EI.PA,20100723,48.994999,49.235001000000004,48.764998999999996,48.924999,353237
EI.PA,20100722,48.490002000000004,49.244999,48.099998,49.029999,532107
EI.PA,20100721,49.064999,49.139998999999996,48.619999,48.625,317273
EI.PA,20100720,49.360001000000004,49.360001000000004,48.669998,48.744999,517101
EI.PA,20100719,49.369999,49.75,48.915001000000004,49.060001,508953
EI.PA,20100716,50.259997999999996,50.450001,49.360001000000004,49.599998,560317
EI.PA,20100715,49.634997999999996,50.290001000000004,49.634997999999996,50.0,469593
EI.PA,20100714,49.645,49.880001,49.285,49.880001,451285
EI.PA,20100713,49.509997999999996,49.900002,49.205002,49.43,604770
EI.PA,20100712,49.07,49.599998,48.740002000000004,49.490002000000004,408169
EI.PA,20100709,48.939999,49.18,48.634997999999996,49.029999,651349
EI.PA,20100708,48.455002,48.814999,48.220001,48.814999,574105
EI.PA,20100707,48.02,48.310001,47.34,48.215,851642
EI.PA,20100706,48.0,48.560001,47.849998,48.310001,566690
EI.PA,20100705,47.904999,48.169998,47.634997999999996,47.880001,262573
EI.PA,20100702,48.200001,48.490002000000004,47.514998999999996,47.805,620339
EI.PA,20100701,48.299999,48.950001,47.779999,48.025002,548287
EI.PA,20100630,48.860001000000004,49.080002,48.575001,48.98,529889
EI.PA,20100629,49.0,49.400002,48.549999,48.650002,502117
EI.PA,20100628,48.994999,49.485001000000004,48.93,49.424999,398056
EI.PA,20100625,49.205002,49.470001,48.645,48.959998999999996,373216
EI.PA,20100624,49.805,49.900002,49.060001,49.310001,507861
EI.PA,20100623,49.68,49.974998,49.355,49.689999,531768
EI.PA,20100622,49.23,49.974998,49.125,49.764998999999996,729880
EI.PA,20100621,49.205002,49.549999,49.044998,49.549999,641605
EI.PA,20100618,49.035,49.134997999999996,48.709998999999996,48.919998,689530
EI.PA,20100617,48.689999,49.215,48.5,49.014998999999996,534089
EI.PA,20100616,49.200001,49.299999,48.529999,48.865002000000004,614243
EI.PA,20100615,48.240002000000004,49.119999,48.174999,48.985001000000004,495261
EI.PA,20100614,48.575001,48.875,48.48,48.59,630321
EI.PA,20100611,49.02,49.150002,48.314999,48.535,814468
EI.PA,20100610,47.825001,49.134997999999996,47.799999,49.025002,644055
EI.PA,20100609,47.505001,48.224998,47.275002,48.189999,785400
EI.PA,20100608,47.189999,47.48,46.849998,47.375,713329
EI.PA,20100607,46.59,47.16,46.375,47.02,666087
EI.PA,20100604,47.529999,47.715,46.610001000000004,47.105,998736
EI.PA,20100603,47.005001,47.735001000000004,47.005001,47.639998999999996,701041
EI.PA,20100602,46.52,46.939999,46.02,46.810001,523601
EI.PA,20100601,46.259997999999996,46.75,45.790001000000004,46.709998999999996,595315
EI.PA,20100531,46.5,46.599998,46.215,46.450001,227869
EI.PA,20100528,46.119999,46.494999,46.0,46.439999,618742
EI.PA,20100527,45.404999,46.0,45.200001,45.994999,538360
EI.PA,20100526,45.424999,45.645,44.740002000000004,45.314999,678170
EI.PA,20100525,44.299999,45.455002,44.029999,44.794998,1078504
EI.PA,20100524,46.0,46.240002000000004,45.605,45.724998,532322
EI.PA,20100521,45.985001000000004,46.294998,45.189999,45.77,919605
EI.PA,20100520,47.895,47.895,45.77,46.139998999999996,1022815
EI.PA,20100519,47.34,47.950001,47.195,47.654999,776469
EI.PA,20100518,47.799999,47.959998999999996,47.450001,47.865002000000004,470511
EI.PA,20100517,46.715,47.5,46.650002,47.290001000000004,556741
EI.PA,20100514,47.5,47.775002,46.884997999999996,46.990002000000004,542627
EI.PA,20100513,47.0,47.720001,46.650002,47.68,474570
EI.PA,20100512,46.009997999999996,47.060001,45.880001,46.830002,550624
EI.PA,20100511,45.709998999999996,46.189999,44.799999,46.084998999999996,652516
EI.PA,20100510,44.605,46.310001,43.5,46.18,1232640
EI.PA,20100507,45.009997999999996,45.549999,44.549999,45.549999,1761990
EI.PA,20100506,45.549999,46.52,45.549999,46.200001,1168426
EI.PA,20100505,45.849998,45.855,45.259997999999996,45.599998,1161154
EI.PA,20100504,46.77,47.165001000000004,46.224998,46.314999,704128
EI.PA,20100503,45.645,47.080002,45.630001,46.869999,668274
EI.PA,20100430,45.705002,46.040001000000004,45.639998999999996,45.935001,672155
EI.PA,20100429,45.68,45.865002000000004,45.305,45.705002,816963
EI.PA,20100428,45.505001,45.805,45.279999,45.395,839713
EI.PA,20100427,46.82,46.939999,45.950001,45.950001,641968
EI.PA,20100426,47.0,47.400002,46.799999,46.945,662367
EI.PA,20100423,46.41,46.990002000000004,46.41,46.830002,637158
EI.PA,20100422,46.584998999999996,46.994999,46.389998999999996,46.514998999999996,628433
EI.PA,20100421,46.794998,46.814999,46.365002000000004,46.575001,510272
EI.PA,20100420,46.529999,46.810001,46.07,46.705002,543342
EI.PA,20100419,46.174999,46.634997999999996,46.0,46.349998,671292
EI.PA,20100416,46.634997999999996,46.93,46.205002,46.279999,849243
EI.PA,20100415,45.950001,46.825001,45.915001000000004,46.639998999999996,756185
EI.PA,20100414,46.584998999999996,46.799999,45.900002,46.02,803575
EI.PA,20100413,46.110001000000004,46.605,45.619999,46.5,1246058
EI.PA,20100412,47.189999,47.400002,46.275002,46.314999,1223835
EI.PA,20100409,47.27,47.584998999999996,47.235001000000004,47.5,400003
EI.PA,20100408,47.334998999999996,47.48,46.919998,47.240002000000004,537906
EI.PA,20100407,47.400002,47.634997999999996,47.334998999999996,47.450001,488301
EI.PA,20100406,47.919998,47.959998999999996,47.450001,47.474998,558945
EI.PA,20100401,47.5,47.91,47.400002,47.724998,616808
EI.PA,20100331,46.814999,47.27,46.625,47.27,802633
EI.PA,20100330,47.299999,47.349998,46.794998,46.810001,730622
EI.PA,20100329,47.450001,47.470001,47.150002,47.330002,454296
EI.PA,20100326,47.435001,47.575001,47.209998999999996,47.375,432064
EI.PA,20100325,47.240002000000004,47.549999,47.110001000000004,47.389998999999996,379342
EI.PA,20100324,47.130001,47.345001,46.950001,47.255001,488403
EI.PA,20100323,47.360001000000004,47.395,46.875,47.049999,685046
EI.PA,20100322,47.290001000000004,47.450001,46.849998,47.439999,616762
EI.PA,20100319,47.115002000000004,47.299999,46.794998,47.299999,916724
EI.PA,20100318,47.0,47.27,46.834998999999996,46.915001000000004,549334
EI.PA,20100317,47.049999,47.185001,46.790001000000004,47.055,493798
EI.PA,20100316,46.66,47.064999,46.5,46.970001,533940
EI.PA,20100315,46.404999,46.93,46.355,46.415001000000004,567616
EI.PA,20100312,46.345001,46.715,46.075001,46.32,445054
EI.PA,20100311,46.404999,47.0,46.345001,46.345001,858985
EI.PA,20100310,46.189999,46.52,46.060001,46.435001,711438
EI.PA,20100309,45.900002,46.189999,45.82,46.154999,898766
EI.PA,20100308,45.799999,45.994999,45.689999,45.900002,628383
EI.PA,20100305,45.115002000000004,46.099998,45.049999,45.715,1023512
EI.PA,20100304,44.0,44.945,43.099998,44.834998999999996,768244
EI.PA,20100303,44.779999,44.880001,44.014998999999996,44.535,872800
EI.PA,20100302,45.174999,45.275002,44.869999,44.959998999999996,674584
EI.PA,20100301,44.41,45.330002,44.41,45.209998999999996,608597
EI.PA,20100226,43.794998,44.310001,43.720001,44.294998,726999
EI.PA,20100225,43.810001,44.314999,43.580002,43.580002,548934
EI.PA,20100224,43.580002,44.174999,43.25,44.02,618490
EI.PA,20100223,43.900002,44.185001,43.494999,43.549999,683991
EI.PA,20100222,44.110001000000004,44.349998,43.814999,43.869999,377408
EI.PA,20100219,43.785,44.200001,43.615002000000004,44.110001000000004,691079
EI.PA,20100218,44.0,44.235001000000004,43.845001,44.080002,754493
EI.PA,20100217,43.264998999999996,44.105,43.130001,43.985001000000004,834895
EI.PA,20100216,43.154999,43.25,42.724998,43.145,765071
EI.PA,20100215,43.200001,43.299999,42.915001000000004,43.02,472100
EI.PA,20100212,42.849998,43.355,42.709998999999996,43.195,1062509
EI.PA,20100211,41.575001,42.490002000000004,41.455002,42.439999,804970
EI.PA,20100210,41.130001,41.634997999999996,41.055,41.5,662016
EI.PA,20100209,41.130001,41.419998,40.974998,41.130001,579901
EI.PA,20100208,41.195,41.325001,41.029999,41.275002,565335
EI.PA,20100205,41.360001000000004,41.599998,40.950001,41.02,717513
EI.PA,20100204,41.990002000000004,42.060001,41.43,41.455002,377467
EI.PA,20100203,41.959998999999996,42.075001,41.669998,41.889998999999996,451919
EI.PA,20100202,42.09,42.119999,41.810001,41.950001,339528
EI.PA,20100201,41.935001,42.165001000000004,41.744999,42.055,311847
EI.PA,20100129,41.959998999999996,42.244999,41.564999,42.105,441212
EI.PA,20100128,41.950001,42.424999,41.650002,41.650002,511994
EI.PA,20100127,41.544998,41.945,41.209998999999996,41.869999,530393
EI.PA,20100126,41.459998999999996,41.860001000000004,41.209998999999996,41.860001000000004,487297
EI.PA,20100125,41.880001,41.939999,41.5,41.775002,403767
EI.PA,20100122,41.955002,42.415001000000004,41.900002,42.110001000000004,479877
EI.PA,20100121,42.424999,42.599998,42.029999,42.040001000000004,511233
EI.PA,20100120,42.34,42.985001000000004,42.16,42.294998,494139
EI.PA,20100119,42.16,42.549999,42.0,42.360001000000004,551342
EI.PA,20100118,41.939999,42.470001,41.91,42.16,386152
EI.PA,20100115,41.939999,42.43,41.790001000000004,41.805,502813
EI.PA,20100114,41.93,42.0,41.759997999999996,42.0,322904
EI.PA,20100113,41.310001,41.759997999999996,41.285,41.759997999999996,499709
EI.PA,20100112,41.369999,41.634997999999996,41.18,41.220001,717111
EI.PA,20100111,41.299999,41.48,41.099998,41.290001000000004,438027
EI.PA,20100108,41.490002000000004,41.490002000000004,40.875,41.25,373685
EI.PA,20100107,40.955002,41.43,40.91,41.25,526904
EI.PA,20100106,41.314999,41.400002,40.84,41.16,441909
EI.PA,20100105,41.439999,41.439999,41.16,41.23,873858
EI.PA,20100104,41.5,41.985001000000004,41.439999,41.615002000000004,889174
EI.PA,20091231,42.0,42.0,41.490002000000004,41.75,298600
EI.PA,20091230,41.84,41.974998,41.580002,41.580002,189068
EI.PA,20091229,41.59,41.990002000000004,41.59,41.924999,458274
EI.PA,20091228,41.799999,41.810001,41.43,41.605,354128
EI.PA,20091224,41.555,41.834998999999996,41.25,41.810001,80146
EI.PA,20091223,41.799999,42.0,41.689999,41.849998,735602
EI.PA,20091222,41.360001000000004,41.700001,41.349998,41.66,766764
EI.PA,20091221,41.169998,41.580002,41.115002000000004,41.43,665304
EI.PA,20091218,40.889998999999996,41.380001,40.799999,41.110001000000004,601160
EI.PA,20091217,41.02,41.314999,40.814999,40.869999,843468
EI.PA,20091216,40.93,41.400002,40.794998,41.154999,569584
EI.PA,20091215,40.700001,41.0,40.509997999999996,40.865002000000004,1233920
EI.PA,20091214,40.5,40.575001,40.235001000000004,40.575001,511184
EI.PA,20091211,39.959998999999996,40.465,39.82,40.34,662571
EI.PA,20091210,39.345001,39.82,39.200001,39.810001,447103
EI.PA,20091209,39.785,39.93,39.365002000000004,39.459998999999996,485062
EI.PA,20091208,39.965,40.25,39.580002,39.790001000000004,573454
EI.PA,20091207,39.799999,40.299999,39.450001,40.150002,1092660
EI.PA,20091204,38.904999,39.939999,38.895,39.82,454794
EI.PA,20091203,39.299999,39.349998,38.950001,39.07,874792
EI.PA,20091202,39.0,39.200001,38.794998,39.064999,386670
EI.PA,20091201,38.900002,39.099998,38.549999,39.0,372035
EI.PA,20091130,38.869999,39.169998,38.525002,38.634997999999996,391251
EI.PA,20091127,38.150002,38.830002,38.049999,38.75,389819
EI.PA,20091126,39.215,39.235001000000004,38.450001,38.560001,363430
EI.PA,20091125,39.384997999999996,39.389998999999996,39.134997999999996,39.259997999999996,642450
EI.PA,20091124,39.029999,39.400002,38.895,39.189999,411144
EI.PA,20091123,39.349998,39.404999,39.099998,39.240002000000004,496217
EI.PA,20091120,39.055,39.279999,38.799999,39.005001,608221
EI.PA,20091119,39.494999,39.66,38.895,38.950001,531289
EI.PA,20091118,39.619999,39.805,39.400002,39.52,516137
EI.PA,20091117,39.209998999999996,39.639998999999996,39.209998999999996,39.419998,351980
EI.PA,20091116,39.34,39.605,39.215,39.459998999999996,490244
EI.PA,20091113,39.084998999999996,39.360001000000004,38.884997999999996,39.185001,386624
EI.PA,20091112,39.18,39.450001,38.990002000000004,39.080002,501923
EI.PA,20091111,39.369999,39.5,39.064999,39.189999,378741
EI.PA,20091110,39.25,39.5,39.200001,39.299999,442559
EI.PA,20091109,39.134997999999996,39.365002000000004,38.834998999999996,39.25,688371
EI.PA,20091106,38.700001,38.990002000000004,38.610001000000004,38.904999,515640
EI.PA,20091105,38.255001,39.035,38.145,38.615002000000004,825394
EI.PA,20091104,38.490002000000004,38.549999,38.119999,38.400002,570074
EI.PA,20091103,37.965,38.505001,37.91,38.355,670234
EI.PA,20091102,38.150002,38.355,37.73,38.154999,648872
EI.PA,20091030,38.584998999999996,38.950001,38.049999,38.150002,943420
EI.PA,20091029,38.605,38.855,38.150002,38.599998,899397
EI.PA,20091028,39.005001,39.150002,38.529999,38.665001000000004,768567
EI.PA,20091027,38.5,39.215,38.235001000000004,39.07,866504
EI.PA,20091026,38.705002,38.939999,38.205002,38.41,698702
EI.PA,20091023,39.77,39.84,38.540001000000004,38.650002,1273242
EI.PA,20091022,39.900002,40.16,39.580002,39.779999,741806
EI.PA,20091021,40.695,40.834998999999996,40.294998,40.34,712975
EI.PA,20091020,40.884997999999996,40.900002,40.424999,40.615002000000004,558148
EI.PA,20091019,41.0,41.235001000000004,40.805,40.884997999999996,469569
EI.PA,20091016,41.115002000000004,41.389998999999996,40.91,41.055,753924
EI.PA,20091015,40.950001,41.200001,40.799999,41.029999,611833
EI.PA,20091014,40.575001,41.035,40.575001,40.799999,676680
EI.PA,20091013,40.834998999999996,41.040001000000004,40.360001000000004,40.605,660914
EI.PA,20091012,40.349998,41.139998999999996,40.299999,40.950001,664778
EI.PA,20091009,39.599998,40.349998,39.580002,40.264998999999996,633770
EI.PA,20091008,39.330002,39.84,39.029999,39.775002,842959
EI.PA,20091007,38.755001,39.325001,38.700001,39.029999,480286
EI.PA,20091006,38.380001,38.785,38.154999,38.785,487098
EI.PA,20091005,38.34,38.459998999999996,38.025002,38.349998,421010
EI.PA,20091002,38.759997999999996,38.794998,38.424999,38.424999,589697
EI.PA,20091001,38.950001,39.470001,38.764998999999996,38.849998,487740
EI.PA,20090930,38.799999,39.305,38.560001,38.945,725106
EI.PA,20090929,37.810001,38.724998,37.700001,38.619999,703920
EI.PA,20090928,38.240002000000004,38.365002000000004,37.654999,37.965,1004896
EI.PA,20090925,38.240002000000004,38.560001,38.09,38.34,322690
EI.PA,20090924,38.639998999999996,38.900002,38.215,38.330002,548061
EI.PA,20090923,38.389998999999996,39.0,38.139998999999996,38.849998,673291
EI.PA,20090922,38.299999,38.915001000000004,38.299999,38.490002000000004,588829
EI.PA,20090921,37.869999,38.244999,37.869999,38.174999,544953
EI.PA,20090918,37.889998999999996,38.084998999999996,37.724998,37.849998,853708
EI.PA,20090917,37.689999,38.27,37.439999,38.035,756075
EI.PA,20090916,37.650002,37.759997999999996,37.25,37.599998,560837
EI.PA,20090915,37.5,37.799999,37.290001000000004,37.599998,682230
EI.PA,20090914,37.264998999999996,37.654999,37.055,37.490002000000004,590391
EI.PA,20090911,37.014998999999996,37.5,36.889998999999996,37.400002,553059
EI.PA,20090910,37.0,37.255001,36.82,36.889998999999996,706129
EI.PA,20090909,36.799999,37.134997999999996,36.73,36.935001,758692
EI.PA,20090908,37.099998,37.244999,36.720001,36.82,584504
EI.PA,20090907,37.005001,37.27,36.950001,37.055,559179
EI.PA,20090904,37.18,37.18,36.845001,36.970001,848288
EI.PA,20090903,37.150002,37.27,36.75,36.900002,760063
EI.PA,20090902,37.415001000000004,37.43,37.02,37.115002000000004,658052
EI.PA,20090901,37.939999,38.195,37.27,37.380001,846843
EI.PA,20090831,37.27,37.970001,37.259997999999996,37.669998,600305
EI.PA,20090828,37.935001,38.18,37.099998,37.259997999999996,1048946
EI.PA,20090827,39.794998,39.794998,37.700001,37.935001,1050657
EI.PA,20090826,38.93,39.540001000000004,38.900002,39.200001,507200
EI.PA,20090825,38.935001,39.23,38.880001,39.105,669455
EI.PA,20090824,38.700001,38.869999,38.34,38.705002,294796
EI.PA,20090821,38.169998,38.75,37.865002000000004,38.599998,449675
EI.PA,20090820,37.639998999999996,38.314999,37.605,38.169998,519017
EI.PA,20090819,36.84,37.465,36.75,37.43,385460
EI.PA,20090818,37.215,37.400002,36.610001000000004,37.009997999999996,411103
EI.PA,20090817,37.424999,37.549999,36.939999,37.200001,483616
EI.PA,20090814,37.700001,37.904999,37.305,37.445,534934
EI.PA,20090813,37.669998,37.77,37.514998999999996,37.700001,714356
EI.PA,20090812,37.860001000000004,38.02,37.505001,37.599998,819545
EI.PA,20090811,37.935001,37.990002000000004,37.485001000000004,37.634997999999996,474585
EI.PA,20090810,37.455002,38.0,37.330002,37.93,516160
EI.PA,20090807,37.689999,37.805,37.299999,37.605,1003919
EI.PA,20090806,38.509997999999996,38.834998999999996,37.685001,37.814999,783005
EI.PA,20090805,38.509997999999996,39.145,38.299999,38.419998,629167
EI.PA,20090804,39.080002,39.139998999999996,38.41,38.66,495966
EI.PA,20090803,38.825001,39.200001,38.419998,39.080002,576446
EI.PA,20090731,38.575001,38.900002,38.349998,38.900002,737769
EI.PA,20090730,38.615002000000004,38.834998999999996,38.400002,38.610001000000004,750604
EI.PA,20090729,37.849998,38.689999,37.849998,38.555,592722
EI.PA,20090728,37.860001000000004,38.02,37.665001000000004,37.900002,480146
EI.PA,20090727,37.990002000000004,38.0,37.630001,37.959998999999996,495940
EI.PA,20090724,37.650002,37.98,37.375,37.900002,577841
EI.PA,20090723,37.84,38.075001,37.560001,37.799999,825591
EI.PA,20090722,37.209998999999996,37.939999,37.09,37.790001000000004,802185
EI.PA,20090721,36.75,37.189999,36.505001,37.139998999999996,697597
EI.PA,20090720,36.435001,37.029999,36.200001,36.619999,733952
EI.PA,20090717,35.799999,36.209998999999996,35.5,35.959998999999996,984089
EI.PA,20090716,35.255001,35.900002,35.25,35.79000100000001,804928
EI.PA,20090715,35.654999,35.654999,35.139998999999996,35.299999,592107
EI.PA,20090714,35.599998,35.645,35.36000100000001,35.61500200000001,646810
EI.PA,20090713,34.974998,35.564999,34.66,35.400002,759828
EI.PA,20090710,35.220001,35.5,34.84,34.98,614463
EI.PA,20090709,35.400002,35.535,34.825001,35.299999,521890
EI.PA,20090708,35.080002,35.669998,34.630001,35.400002,467003
EI.PA,20090707,35.74000200000001,35.74000200000001,34.790001000000004,35.0,630177
EI.PA,20090706,34.865002000000004,35.799999,34.584998999999996,35.634997999999996,528182
EI.PA,20090703,35.580002,35.66500100000001,34.825001,34.91,385416
EI.PA,20090702,35.43,36.0,35.27,35.419998,740544
EI.PA,20090701,34.305,35.950001,34.185001,35.73,1264008
EI.PA,20090630,34.25,34.404999,33.695,33.98,681080
EI.PA,20090629,34.0,34.400002,33.945,34.25,416947
EI.PA,20090626,33.900002,34.25,33.785,33.994999,691515
EI.PA,20090625,34.005001,34.174999,33.380001,33.82,659861
EI.PA,20090624,34.095001,34.25,33.619999,34.064999,479040
EI.PA,20090623,33.23,34.5,33.23,34.009997999999996,812552
EI.PA,20090622,33.759997999999996,34.09,33.16,33.299999,504487
EI.PA,20090619,34.0,34.145,33.380001,33.75,633895
EI.PA,20090618,34.514998999999996,34.514998999999996,33.549999,33.935001,565217
EI.PA,20090617,33.84,34.445,33.84,34.189999,637536
EI.PA,20090616,33.889998999999996,34.165001000000004,33.799999,33.959998999999996,330660
EI.PA,20090615,34.615002000000004,34.615002000000004,33.740002000000004,33.790001000000004,480258
EI.PA,20090612,34.555,35.060001,34.264998999999996,34.630001,604529
EI.PA,20090611,33.849998,34.575001,33.689999,34.535,435525
EI.PA,20090610,33.830002,34.035,33.735001000000004,33.865002000000004,469344
EI.PA,20090609,33.41,33.955002,33.400002,33.665001000000004,575211
EI.PA,20090608,33.32,33.549999,32.799999,33.415001000000004,597797
EI.PA,20090605,33.43,33.610001000000004,33.080002,33.220001,361470
EI.PA,20090604,33.314999,33.720001,33.209998999999996,33.43,347879
EI.PA,20090603,33.34,33.669998,33.235001000000004,33.275002,404712
EI.PA,20090602,32.735001000000004,33.68,32.720001,33.325001,592110
EI.PA,20090601,33.0,33.16,32.75,32.950001,312799
EI.PA,20090529,33.0,33.220001,32.450001,32.514998999999996,586824
EI.PA,20090528,32.880001,33.349998,32.5,32.630001,445955
EI.PA,20090527,33.540001000000004,33.700001,32.865002000000004,32.935001,528426
EI.PA,20090526,33.349998,33.599998,32.705002,33.505001,520845
EI.PA,20090525,33.400002,33.625,33.099998,33.450001,323581
EI.PA,20090522,33.855,33.945,32.994999,33.215,472820
EI.PA,20090521,33.455002,34.09,33.41,33.650002,297219
EI.PA,20090520,34.285,34.700001,33.915001000000004,34.205002,451142
EI.PA,20090519,34.75,34.75,33.924999,34.150002,540535
EI.PA,20090518,33.98,34.68,33.849998,34.68,435673
EI.PA,20090515,33.875,34.310001,33.514998999999996,34.154999,507896
EI.PA,20090514,33.209998999999996,34.169998,33.200001,33.875,637012
EI.PA,20090513,34.220001,34.880001,33.360001000000004,33.389998999999996,1056780
EI.PA,20090512,33.564999,34.18,33.509997999999996,34.0,516515
EI.PA,20090511,34.5,34.529999,33.549999,33.720001,635371
EI.PA,20090508,33.98,34.400002,33.75,34.400002,473438
EI.PA,20090507,34.23,34.25,33.580002,33.845001,789452
EI.PA,20090506,32.994999,34.294998,32.830002,33.849998,925906
EI.PA,20090505,33.080002,33.080002,32.544998,32.994999,836683
EI.PA,20090504,33.060001,33.195,32.509997999999996,33.195,379567
EI.PA,20090430,33.43,33.470001,32.599998,32.740002000000004,779457
EI.PA,20090429,33.599998,33.634997999999996,33.200001,33.299999,584588
EI.PA,20090428,32.994999,33.490002000000004,32.279999,33.294998,576503
EI.PA,20090427,31.955,33.080002,31.950001,33.009997999999996,682800
EI.PA,20090424,31.780001000000002,32.849998,31.65,31.780001000000002,1236405
EI.PA,20090423,30.18,32.900002,30.094998999999998,31.629998999999998,1861736
EI.PA,20090422,30.360001,30.360001,29.635,30.049999,766750
EI.PA,20090421,30.540001,30.889999,29.775,30.254998999999998,698948
EI.PA,20090420,30.9,30.975,30.450001,30.48,761904
EI.PA,20090417,30.815001000000002,31.195,30.5,30.91,785065
EI.PA,20090416,30.379998999999998,30.879998999999998,30.24,30.809998999999998,460893
EI.PA,20090415,30.26,30.615,30.09,30.325001,536132
EI.PA,20090414,31.09,31.09,30.200001,30.290001,936700
EI.PA,20090409,30.700001,31.434998999999998,29.92,31.41,683725
EI.PA,20090408,30.440001000000002,30.690001000000002,29.99,30.549999,592979
EI.PA,20090407,30.469998999999998,30.93,30.4,30.504998999999998,724169
EI.PA,20090406,29.82,30.295,29.700001,30.295,648561
EI.PA,20090403,29.825001,30.0,29.450001,29.629998999999998,729178
EI.PA,20090402,29.85,30.0,29.450001,29.945,1063136
EI.PA,20090401,29.120001000000002,29.74,28.885,29.555,683425
EI.PA,20090331,28.700001,29.1,28.605,29.1,606858
EI.PA,20090330,28.625,29.035,28.43,28.43,696082
EI.PA,20090327,28.99,29.049999,28.700001,28.945,497921
EI.PA,20090326,28.865,29.08,28.68,29.08,423697
EI.PA,20090325,28.57,28.99,28.405001000000002,28.875,448827
EI.PA,20090324,28.799999,28.825001,28.450001,28.74,754856
EI.PA,20090323,28.200001,28.584999,28.049999,28.540001,593857
EI.PA,20090320,28.02,28.190001000000002,27.525,28.040001,924016
EI.PA,20090319,28.485001,28.555,27.764999,28.040001,672378
EI.PA,20090318,28.475,28.719998999999998,28.190001000000002,28.485001,654182
EI.PA,20090317,28.004998999999998,28.42,27.815001000000002,28.42,727472
EI.PA,20090316,27.625,28.25,27.52,28.219998999999998,548180
EI.PA,20090313,27.645,27.879998999999998,27.275,27.4,799843
EI.PA,20090312,26.610001,27.4,26.32,27.360001,867588
EI.PA,20090311,26.924999,26.93,26.33,26.65,717049
EI.PA,20090310,26.465,27.01,26.115,26.93,969515
EI.PA,20090309,26.52,26.629998999999998,26.08,26.57,835985
EI.PA,20090306,27.035,27.09,26.139999,26.309998999999998,923569
EI.PA,20090305,28.120001000000002,28.165001,26.809998999999998,26.83,1303319
EI.PA,20090304,27.645,28.32,27.120001000000002,28.120001000000002,1146353
EI.PA,20090303,27.780001000000002,28.17,27.35,27.4,851760
EI.PA,20090302,26.889999,27.934998999999998,26.85,27.665001,891876
EI.PA,20090227,27.700001,27.700001,26.91,27.4,917053
EI.PA,20090226,28.139999,28.719998999999998,27.77,27.9,887208
EI.PA,20090225,28.49,28.709999,27.725,27.9,731041
EI.PA,20090224,28.215,28.215,28.215,28.215,523456
EI.PA,20090223,28.525,28.525,28.525,28.525,523456
EI.PA,20090220,28.49,29.025,28.4,28.84,747001
EI.PA,20090219,29.07,29.07,28.5,28.57,656100
EI.PA,20090218,29.290001,29.42,28.655001000000002,28.92,649329
EI.PA,20090217,29.825001,29.844998999999998,29.0,29.190001000000002,593107
EI.PA,20090216,29.645,30.25,29.629998999999998,30.01,419844
EI.PA,20090213,29.605,30.02,29.445,29.795,670332
EI.PA,20090212,29.6,29.68,29.225,29.395,388958
EI.PA,20090211,29.254998999999998,29.68,29.25,29.66,465069
EI.PA,20090210,29.469998999999998,29.870001000000002,29.27,29.4,887819
EI.PA,20090209,29.51,29.795,29.4,29.674999,523456
EI.PA,20090206,30.0,30.0,29.285,29.559998999999998,1006113
EI.PA,20090205,29.995001000000002,29.995001000000002,29.995001000000002,29.995001000000002,1327058
EI.PA,20090204,29.254998999999998,29.254998999999998,29.254998999999998,29.254998999999998,1327058
EI.PA,20090203,29.184998999999998,29.184998999999998,29.184998999999998,29.184998999999998,1327058
EI.PA,20090202,29.51,29.58,28.865,29.139999,891025
EI.PA,20090130,29.67,30.299999,29.395,29.879998999999998,1083623
EI.PA,20090129,30.0,31.4,28.33,29.540001,2442278
EI.PA,20090128,30.875,30.875,29.985001,30.4,1219394
EI.PA,20090127,29.985001,30.200001,29.715,30.200001,935098
EI.PA,20090126,30.004998999999998,30.004998999999998,30.004998999999998,30.004998999999998,1327058
EI.PA,20090123,30.040001,30.040001,29.105,30.0,1003984
EI.PA,20090122,30.82,30.82,29.799999,30.030001000000002,727549
EI.PA,20090121,30.049999,30.610001,29.889999,30.370001000000002,1166220
EI.PA,20090120,30.405001000000002,30.405001000000002,30.405001000000002,30.405001000000002,1327058
EI.PA,20090119,32.599998,32.860001000000004,31.85,32.25,540267
EI.PA,20090116,32.264998999999996,32.32,31.51,32.095001,656801
EI.PA,20090115,32.060001,32.064999,31.129998999999998,31.76,1066237
EI.PA,20090114,32.185001,32.185001,32.185001,32.185001,1327058
EI.PA,20090113,32.869999,33.279999,32.404999,33.139998999999996,599944
EI.PA,20090112,32.895,32.895,32.895,32.895,1327058
EI.PA,20090109,33.5,33.759997999999996,32.915001000000004,33.18,608466
EI.PA,20090108,33.994999,34.380001,33.325001,33.450001,849281
EI.PA,20090107,34.154999,34.154999,34.154999,34.154999,1327058
EI.PA,20090106,34.950001,34.994999,34.380001,34.639998999999996,844412
EI.PA,20090105,34.990002000000004,34.990002000000004,34.5,34.875,657109
EI.PA,20090102,35.0,35.0,34.200001,34.599998,477537
EI.PA,20081231,34.0,34.200001,33.185001,33.57,166769
EI.PA,20081230,33.200001,33.900002,33.075001,33.779999,372770
EI.PA,20081229,32.900002,33.349998,32.75,33.009997999999996,298784
EI.PA,20081224,32.599998,33.424999,32.450001,32.900002,132084
EI.PA,20081223,32.595001,33.369999,32.435001,32.439999,654372
EI.PA,20081222,32.709998999999996,33.195,32.700001,32.849998,618108
EI.PA,20081219,32.799999,33.450001,32.52,32.939999,1298241
EI.PA,20081218,32.115002000000004,33.68,32.075001,33.299999,1431073
EI.PA,20081217,32.654999,32.689999,31.76,32.064999,1099240
EI.PA,20081216,30.969998999999998,32.43,30.9,32.43,1103424
EI.PA,20081215,31.52,31.6,30.485001,30.775,741965
EI.PA,20081212,30.65,31.33,30.5,31.309998999999998,661481
EI.PA,20081211,31.445,32.0,31.02,31.379998999999998,614857
EI.PA,20081210,31.49,31.610001,31.18,31.365,738895
EI.PA,20081209,30.355,31.389999,30.16,31.174999,1183887
EI.PA,20081208,31.780001000000002,32.349998,30.344998999999998,30.610001,1147761
EI.PA,20081205,29.514999,31.315001000000002,29.41,30.285,1973318
EI.PA,20081204,29.455,30.1,29.01,29.764999,1405546
EI.PA,20081203,29.855,29.940001000000002,28.709999,29.450001,1759282
EI.PA,20081202,30.094998999999998,30.620001000000002,29.700001,29.92,1254871
EI.PA,20081201,31.52,31.559998999999998,30.315001000000002,30.6,801883
EI.PA,20081128,30.02,31.51,29.9,31.445,1294517
EI.PA,20081127,30.5,30.690001000000002,29.58,29.799999,739282
EI.PA,20081126,30.389999,30.57,29.889999,30.055,878379
EI.PA,20081125,30.865,31.385,30.15,30.514999,1445466
EI.PA,20081124,30.639999,31.195,30.245001000000002,30.514999,1596940
EI.PA,20081121,31.200001,31.6,30.0,30.299999,1598700
EI.PA,20081120,30.555,31.5,30.5,30.995001000000002,1191817
EI.PA,20081119,32.195,32.439999,31.01,31.07,829597
EI.PA,20081118,31.66,32.215,31.565001000000002,32.18,852810
EI.PA,20081117,32.755001,32.755001,31.605,31.875,1263069
EI.PA,20081114,34.549999,34.549999,32.52,32.68,1201332
EI.PA,20081113,33.580002,34.139998999999996,33.200001,33.5,855591
EI.PA,20081112,34.580002,34.855,33.404999,33.764998999999996,1098682
EI.PA,20081111,33.860001000000004,34.580002,33.674999,34.044998,662215
EI.PA,20081110,35.099998,35.25,34.0,34.119999,563047
EI.PA,20081107,33.125,34.59,33.049999,34.310001,744596
EI.PA,20081106,33.485001000000004,34.18,32.700001,33.049999,1323193
EI.PA,20081105,34.509997999999996,34.935001,33.514998999999996,34.205002,1178077
EI.PA,20081104,34.549999,34.689999,33.959998999999996,34.509997999999996,1125855
EI.PA,20081103,34.994999,34.994999,34.400002,34.549999,1117079
EI.PA,20081031,34.990002000000004,35.200001,33.895,35.060001,1549265
EI.PA,20081030,35.799999,36.970001,34.689999,35.18,1777873
EI.PA,20081029,35.310001,35.799999,33.970001,35.5,1839385
EI.PA,20081028,34.035,35.200001,33.255001,33.945,2415646
EI.PA,20081027,31.0,33.650002,30.75,33.544998,2359603
EI.PA,20081024,30.469998999999998,31.84,30.040001,31.825001,2463420
EI.PA,20081023,29.780001000000002,31.790001,28.91,31.59,3673135
EI.PA,20081022,28.34,28.34,26.870001000000002,27.665001,2998448
EI.PA,20081021,30.16,30.355,28.655001000000002,29.025,1306107
EI.PA,20081020,29.620001000000002,30.15,28.9,29.82,1575473
EI.PA,20081017,31.190001000000002,31.485001,28.26,28.65,2552083
EI.PA,20081016,30.0,31.25,29.610001,30.0,2113134
EI.PA,20081015,31.68,32.029999,30.1,30.780001000000002,1609171
EI.PA,20081014,32.900002,33.299999,31.51,31.754998999999998,1777031
EI.PA,20081013,31.0,31.415001,30.215,31.415001,1372445
EI.PA,20081010,30.0,30.110001,28.67,29.33,4005080
EI.PA,20081009,32.080002,32.080002,30.370001000000002,30.73,3160940
EI.PA,20081008,33.02,34.32,31.76,31.875,2161240
EI.PA,20081007,35.5,35.86000100000001,33.720001,34.07,2030797
EI.PA,20081006,35.869999,36.689999,34.200001,35.040001000000004,1474934
EI.PA,20081003,35.970001,37.02,35.549999,36.98,1264396
EI.PA,20081002,36.189999,36.830002,35.54000100000001,35.66,957821
EI.PA,20081001,35.389998999999996,36.075001,35.0,36.075001,1202696
EI.PA,20080930,33.509997999999996,35.110001000000004,33.505001,35.110001000000004,2002529
EI.PA,20080929,34.900002,35.09,34.400002,34.459998999999996,895173
EI.PA,20080926,35.25,35.459998999999996,34.66,34.959998999999996,1199755
EI.PA,20080925,35.66,35.845001,35.400002,35.555,855626
EI.PA,20080924,35.755001,35.965,35.25,35.455002,890614
EI.PA,20080923,37.005001,37.099998,35.639998999999996,35.755001,1039548
EI.PA,20080922,35.970001,37.130001,35.970001,36.889998999999996,1072299
EI.PA,20080919,36.75,36.799999,35.23,36.68,2012527
EI.PA,20080918,34.735001000000004,35.220001,33.959998999999996,35.0,1505898
EI.PA,20080917,34.720001,35.424999,34.5,34.540001000000004,1149528
EI.PA,20080916,35.369999,35.66500100000001,34.57,34.669998,1214020
EI.PA,20080915,35.799999,35.814999,35.009997999999996,35.389998999999996,1131242
EI.PA,20080912,36.23,36.369999,35.27,35.799999,762483
EI.PA,20080911,36.450001,36.470001,35.66,35.799999,1169291
EI.PA,20080910,37.060001,37.200001,36.080002,36.540001000000004,948608
EI.PA,20080909,36.735001000000004,37.509997999999996,36.724998,37.060001,669423
EI.PA,20080908,36.830002,37.27,36.540001000000004,36.645,927009
EI.PA,20080905,35.75,36.560001,35.75,36.200001,854083
EI.PA,20080904,36.855,37.119999,35.900002,36.0,1246837
EI.PA,20080903,37.279999,37.5,36.5,36.805,1372089
EI.PA,20080902,36.349998,37.759997999999996,36.139998999999996,37.424999,1185011
EI.PA,20080901,36.110001000000004,36.445,35.875,36.264998999999996,877202
EI.PA,20080829,36.080002,36.5,35.509997999999996,36.41,1203482
EI.PA,20080828,35.09,36.599998,34.419998,36.220001,2465631
EI.PA,20080827,34.240002000000004,34.240002000000004,32.799999,33.200001,1279815
EI.PA,20080826,33.860001000000004,34.459998999999996,33.799999,34.259997999999996,669312
EI.PA,20080825,34.23,34.57,33.970001,34.130001,353210
EI.PA,20080822,33.740002000000004,34.43,33.41,34.389998999999996,685628
EI.PA,20080821,34.16,34.43,33.599998,33.689999,798984
EI.PA,20080820,34.0,34.5,33.75,34.32,747265
EI.PA,20080819,34.509997999999996,34.68,33.75,33.849998,1293977
EI.PA,20080818,34.630001,34.950001,34.299999,34.529999,525128
EI.PA,20080815,34.720001,35.259997999999996,34.57,34.77,1118600
EI.PA,20080814,34.740002000000004,34.830002,34.099998,34.57,1387300
EI.PA,20080813,34.700001,35.09,34.209998999999996,34.349998,1244300
EI.PA,20080812,34.169998,35.27,34.080002,34.73,1292800
EI.PA,20080811,34.380001,34.560001,34.099998,34.299999,998600
EI.PA,20080808,32.77,34.900002,32.77,34.41,1992800
EI.PA,20080807,33.099998,33.25,32.799999,32.950001,867400
EI.PA,20080806,33.419998,33.549999,33.09,33.25,1172900
EI.PA,20080805,32.650002,33.330002,32.630001,33.259997999999996,1462700
EI.PA,20080804,31.6,32.610001000000004,31.33,32.389998999999996,1515700
EI.PA,20080801,31.6,32.290001000000004,31.57,31.790001,857700
EI.PA,20080731,32.290001000000004,32.310001,31.530001000000002,31.76,1515900
EI.PA,20080730,31.15,32.279999,30.91,32.23,1793800
EI.PA,20080729,31.1,31.34,30.92,31.02,2350000
EI.PA,20080728,31.549999,31.719998999999998,31.120001000000002,31.299999,1338867
EI.PA,20080725,31.01,31.870001000000002,31.01,31.33,1557861
EI.PA,20080724,32.290001000000004,32.290001000000004,30.879998999999998,31.129998999999998,2022434
EI.PA,20080723,32.84,32.860001000000004,31.940001000000002,31.99,1581501
EI.PA,20080722,32.200001,32.369999,31.9,32.330002,2107324
EI.PA,20080721,32.900002,32.900002,32.130001,32.689999,2427998
EI.PA,20080718,32.849998,33.299999,32.630001,32.869999,2675596
EI.PA,20080717,34.5,34.5,31.6,32.869999,5241038
EI.PA,20080716,35.84,36.25,35.220001,35.880001,1327058
EI.PA,20080715,35.509997999999996,35.959998999999996,35.099998,35.880001,1432838
EI.PA,20080714,35.79000100000001,36.130001,35.54000100000001,35.86000100000001,828587
EI.PA,20080711,36.84,36.939999,34.990002000000004,35.389998999999996,2303651
EI.PA,20080710,37.790001000000004,38.07,36.709998999999996,36.939999,1784583
EI.PA,20080709,38.509997999999996,38.509997999999996,37.959998999999996,38.130001,1175010
EI.PA,20080708,38.32,38.669998,37.939999,38.209998999999996,1126077
EI.PA,20080707,38.709998999999996,39.189999,38.220001,39.099998,835885
EI.PA,20080704,38.419998,38.720001,37.990002000000004,38.549999,523965
EI.PA,20080703,37.700001,38.299999,37.549999,38.279999,1016503
EI.PA,20080702,38.650002,38.84,37.849998,37.91,917421
EI.PA,20080701,38.709998999999996,38.900002,37.93,38.34,1258883
EI.PA,20080630,38.330002,38.869999,38.040001000000004,38.84,1006538
EI.PA,20080627,38.099998,38.439999,37.73,38.290001000000004,1043338
EI.PA,20080626,38.599998,38.990002000000004,38.080002,38.110001000000004,900836
EI.PA,20080625,39.349998,39.349998,38.799999,38.860001000000004,942230
EI.PA,20080624,39.720001,39.77,38.880001,39.150002,1106393
EI.PA,20080623,39.490002000000004,39.810001,39.310001,39.560001,834959
EI.PA,20080620,40.389998999999996,40.439999,39.240002000000004,39.369999,943522
EI.PA,20080619,40.349998,40.580002,40.029999,40.290001000000004,538716
EI.PA,20080618,40.07,40.610001000000004,39.970001,40.529999,900631
EI.PA,20080617,40.209998999999996,40.639998999999996,39.919998,40.040001000000004,602226
EI.PA,20080616,39.970001,40.18,39.82,40.080002,513367
EI.PA,20080613,39.759997999999996,39.889998999999996,39.27,39.82,711617
EI.PA,20080612,40.0,40.189999,39.59,39.799999,716459
EI.PA,20080611,40.09,40.25,39.779999,39.939999,662857
EI.PA,20080610,39.84,40.389998999999996,39.48,40.09,637055
EI.PA,20080609,40.18,40.290001000000004,39.77,39.950001,705412
EI.PA,20080606,41.16,41.470001,40.299999,40.380001,816581
EI.PA,20080605,40.619999,41.66,40.5,41.150002,967232
EI.PA,20080604,40.049999,40.59,39.75,40.43,910426
EI.PA,20080603,39.720001,40.220001,39.720001,40.080002,630731
EI.PA,20080602,40.360001000000004,40.43,39.700001,39.900002,733727
EI.PA,20080530,40.299999,40.490002000000004,40.110001000000004,40.43,822207
EI.PA,20080529,40.330002,40.5,39.849998,40.139998999999996,592964
EI.PA,20080528,39.970001,40.650002,39.849998,40.23,781396
EI.PA,20080527,40.34,40.419998,39.75,39.799999,842203
EI.PA,20080526,39.939999,40.470001,39.939999,40.310001,545767
EI.PA,20080523,39.509997999999996,40.130001,39.380001,39.849998,747530
EI.PA,20080522,40.060001,40.669998,40.0,40.299999,872275
EI.PA,20080521,39.880001,40.950001,39.470001,40.310001,1056615
EI.PA,20080520,40.16,40.330002,39.610001000000004,39.779999,664980
EI.PA,20080519,39.740002000000004,40.34,39.68,40.27,691346
EI.PA,20080516,39.25,39.720001,39.139998999999996,39.610001000000004,675593
EI.PA,20080515,38.990002000000004,39.27,38.91,39.080002,506894
EI.PA,20080514,39.380001,39.389998999999996,38.939999,39.080002,491634
EI.PA,20080513,39.25,39.32,38.880001,39.200001,512389
EI.PA,20080512,39.080002,39.389998999999996,38.880001,39.110001000000004,298023
EI.PA,20080509,38.880001,39.09,38.23,38.880001,697953
EI.PA,20080508,38.610001000000004,39.0,38.330002,39.0,504293
EI.PA,20080507,39.080002,39.080002,38.68,38.860001000000004,746248
EI.PA,20080506,38.75,39.0,37.619999,38.82,1631814
EI.PA,20080505,39.09,39.09,38.619999,38.98,563370
EI.PA,20080502,40.349998,40.380001,38.93,39.09,1288612
EI.PA,20080430,39.779999,40.09,39.509997999999996,39.950001,824541
EI.PA,20080429,39.599998,39.790001000000004,39.470001,39.700001,349749
EI.PA,20080428,39.939999,40.0,39.57,39.650002,639460
EI.PA,20080425,39.709998999999996,39.91,39.400002,39.740002000000004,638581
EI.PA,20080424,38.650002,39.490002000000004,38.310001,39.48,873134
EI.PA,20080423,38.639998999999996,39.0,38.299999,38.689999,949222
EI.PA,20080422,39.0,39.34,38.630001,38.740002000000004,820475
EI.PA,20080421,39.419998,39.5,38.869999,39.029999,545176
EI.PA,20080418,39.080002,39.529999,39.07,39.32,784435
EI.PA,20080417,39.439999,39.57,38.799999,38.959998999999996,829333
EI.PA,20080416,39.950001,40.0,38.959998999999996,39.439999,908428
EI.PA,20080415,39.330002,39.68,38.970001,39.470001,718390
EI.PA,20080414,39.349998,39.73,39.02,39.259997999999996,551566
EI.PA,20080411,39.93,40.18,39.41,39.52,460673
EI.PA,20080410,40.349998,40.650002,39.27,39.75,780045
EI.PA,20080409,40.0,41.0,39.950001,40.419998,643758
EI.PA,20080408,40.709998999999996,41.0,40.0,40.130001,657769
EI.PA,20080407,40.540001000000004,41.029999,40.389998999999996,41.0,1017648
EI.PA,20080404,40.5,40.91,40.099998,40.470001,607176
EI.PA,20080403,41.09,41.09,40.279999,40.470001,872508
EI.PA,20080402,41.77,41.799999,40.52,41.080002,1197523
EI.PA,20080401,40.900002,41.82,40.139998999999996,41.66,1351248
EI.PA,20080331,40.380001,41.419998,40.029999,41.389998999999996,832776
EI.PA,20080328,40.68,40.84,40.259997999999996,40.450001,760039
EI.PA,20080327,40.5,40.779999,40.25,40.650002,617122
EI.PA,20080326,40.560001,40.779999,40.200001,40.5,724106
EI.PA,20080325,40.709998999999996,41.299999,39.900002,40.700001,1211442
EI.PA,20080320,39.209998999999996,39.880001,38.900002,39.84,1874252
EI.PA,20080319,38.66,39.810001,38.07,39.209998999999996,1605711
EI.PA,20080318,38.099998,38.599998,37.66,38.25,1091023
EI.PA,20080317,37.41,38.349998,37.41,37.5,977399
EI.PA,20080314,38.110001000000004,38.709998999999996,37.790001000000004,38.299999,1012629
EI.PA,20080313,38.439999,39.07,37.48,38.18,1132289
EI.PA,20080312,39.490002000000004,39.490002000000004,38.66,38.91,819875
EI.PA,20080311,39.290001000000004,39.880001,38.919998,39.099998,1022277
EI.PA,20080310,40.02,40.189999,38.830002,39.099998,1123997
EI.PA,20080307,39.900002,40.73,39.650002,40.220001,1793657
EI.PA,20080306,39.790001000000004,39.869999,38.689999,39.57,989692
EI.PA,20080305,39.0,39.299999,38.630001,39.189999,732479
EI.PA,20080304,38.98,39.470001,38.27,38.509997999999996,794916
EI.PA,20080303,38.799999,39.400002,38.75,38.98,637961
EI.PA,20080229,39.360001000000004,39.740002000000004,39.18,39.299999,671405
EI.PA,20080228,40.709998999999996,40.720001,39.490002000000004,39.560001,887155
EI.PA,20080227,40.299999,40.91,39.77,40.810001,1146462
EI.PA,20080226,40.75,41.0,39.889998999999996,40.299999,712529
EI.PA,20080225,39.889998999999996,40.650002,39.810001,40.599998,917847
EI.PA,20080222,38.799999,39.799999,38.709998999999996,39.389998999999996,867600
EI.PA,20080221,39.040001000000004,39.41,38.68,39.060001,916458
EI.PA,20080220,38.970001,39.0,38.400002,38.77,552234
EI.PA,20080219,38.75,39.549999,38.290001000000004,39.240002000000004,1027409
EI.PA,20080218,38.830002,39.639998999999996,38.77,38.830002,622427
EI.PA,20080215,39.139998999999996,39.43,38.549999,38.91,590514
EI.PA,20080214,39.869999,39.990002000000004,38.919998,39.0,1334643
EI.PA,20080213,38.5,39.209998999999996,38.349998,39.150002,772245
EI.PA,20080212,37.799999,38.830002,37.200001,38.77,888214
EI.PA,20080211,37.43,37.779999,37.029999,37.259997999999996,745366
EI.PA,20080208,37.599998,38.080002,37.360001000000004,37.869999,836369
EI.PA,20080207,38.360001000000004,38.360001000000004,36.75,37.07,1533137
EI.PA,20080206,37.740002000000004,38.43,37.740002000000004,38.360001000000004,844238
EI.PA,20080205,38.98,39.099998,38.060001,38.16,584975
EI.PA,20080204,39.849998,39.849998,38.650002,38.880001,768350
EI.PA,20080201,39.0,39.639998999999996,38.75,39.369999,787965
EI.PA,20080131,38.599998,38.889998999999996,37.900002,38.709998999999996,1003035
EI.PA,20080130,39.0,39.0,38.279999,38.439999,924572
EI.PA,20080129,38.240002000000004,39.099998,38.049999,39.09,1365880
EI.PA,20080128,37.709998999999996,38.240002000000004,37.310001,38.0,1208661
EI.PA,20080125,38.990002000000004,39.130001,37.490002000000004,37.73,1982251
EI.PA,20080124,37.759997999999996,38.290001000000004,37.209998999999996,37.880001,1765790
EI.PA,20080123,38.18,38.18,36.389998999999996,36.82,1620906
EI.PA,20080122,35.709998999999996,38.040001000000004,35.0,37.549999,1795085
EI.PA,20080121,38.049999,38.25,36.23,36.369999,1359819
EI.PA,20080118,37.959998999999996,39.130001,37.689999,38.549999,1394517
EI.PA,20080117,38.099998,38.799999,37.84,38.009997999999996,1127963
EI.PA,20080116,38.419998,38.799999,37.779999,38.16,1423603
EI.PA,20080115,40.389998999999996,40.779999,37.740002000000004,38.419998,1858807
EI.PA,20080114,40.599998,40.779999,40.110001000000004,40.360001000000004,876716
EI.PA,20080111,42.5,42.799999,40.220001,40.799999,1982978
EI.PA,20080110,43.990002000000004,44.049999,42.310001,42.419998,1028605
EI.PA,20080109,42.5,43.849998,42.360001000000004,43.77,1192836
EI.PA,20080108,42.290001000000004,43.060001,42.18,42.68,639174
EI.PA,20080107,42.369999,42.849998,41.939999,42.119999,593451
EI.PA,20080104,42.959998999999996,43.240002000000004,42.360001000000004,42.5,604770
EI.PA,20080103,42.84,43.080002,42.580002,42.869999,615884
EI.PA,20080102,43.549999,44.389998999999996,42.970001,43.029999,483288
EI.PA,20071231,43.900002,43.900002,43.299999,43.700001,92125
