<Ticker>,<DTYYYYMMDD>,<Open>,<High>,<Low>,<Close>,<Volume>
ALEX,20180503,22.76,22.97,22.64,22.84,253624
ALEX,20180502,22.93,23.02,22.58,22.80,180093
ALEX,20180501,22.82,23.01,22.66,22.99,190300
ALEX,20180430,23.24,23.34,22.86,22.90,259487
ALEX,20180427,22.91,23.34,22.91,23.25,161811
ALEX,20180426,22.49,22.98,22.34,22.95,243115
ALEX,20180425,22.51,22.59,22.26,22.45,159204
ALEX,20180424,22.59,22.66,22.36,22.50,147927
ALEX,20180423,22.86,22.93,22.41,22.50,130512
ALEX,20180420,22.83,22.99,22.61,22.75,217203
ALEX,20180419,23.07,23.18,22.85,22.89,144025
ALEX,20180418,23.28,23.45,23.13,23.13,184202
ALEX,20180417,23.24,23.55,23.22,23.31,206083
ALEX,20180416,22.78,23.245,22.64,23.18,274754
ALEX,20180413,22.66,22.815,22.39,22.66,203889
ALEX,20180412,22.93,22.93,22.52,22.54,147866
ALEX,20180411,22.71,22.99,22.71,22.90,135407
ALEX,20180410,23.04,23.04,22.6275,22.84,292507
ALEX,20180409,23.08,23.28,22.85,22.87,237378
ALEX,20180406,23.12,23.46,22.92,23.01,539481
ALEX,20180405,23.25,23.40,23.06,23.24,230783
ALEX,20180404,22.57,23.26,22.57,23.19,268131
ALEX,20180403,22.87,23.05,22.76,22.91,342674
ALEX,20180402,23.13,23.275,22.70,22.86,236674
ALEX,20180329,23.25,23.36,22.98,23.13,420081
ALEX,20180328,22.99,23.40,22.99,23.08,220977
ALEX,20180327,23.15,23.365,22.84,22.94,332732
ALEX,20180326,23.13,23.19,22.77,23.17,307733
ALEX,20180323,23.87,24.02,22.78,22.81,462428
ALEX,20180322,23.98,24.24,23.94,23.94,390532
ALEX,20180321,24.14,24.31,23.76,24.15,107693
ALEX,20180320,24.27,24.40,23.94,24.06,329837
ALEX,20180319,24.46,24.46,23.95,24.21,179435
ALEX,20180316,24.17,24.55,23.98,24.48,443131
ALEX,20180315,24.40,24.54,24.00,24.11,318106
ALEX,20180314,24.30,24.45,24.18,24.44,191738
ALEX,20180313,24.63,24.80,24.10,24.18,277028
ALEX,20180312,24.44,24.69,24.41,24.46,230625
ALEX,20180309,24.09,24.52,23.92,24.50,294567
ALEX,20180308,24.80,24.80,24.16,24.25,335031
ALEX,20180307,24.07,24.84,24.07,24.78,421164
ALEX,20180306,23.83,24.375,23.566,24.31,501962
ALEX,20180305,23.54,23.964,23.36,23.82,355150
ALEX,20180302,22.91,23.64,22.54,23.58,351067
ALEX,20180301,22.26,23.60,22.25,23.10,426228
ALEX,20180228,22.36,22.51,21.90,21.99,398337
ALEX,20180227,22.64,22.84,22.11,22.21,403294
ALEX,20180226,22.93,23.08,22.52,22.74,276869
ALEX,20180223,22.98,23.01,22.805,22.88,214349
ALEX,20180222,22.93,23.1488,22.76,22.81,290404
ALEX,20180221,23.40,23.46,22.91,22.92,353549
ALEX,20180220,24.48,24.68,23.30,23.31,420276
ALEX,20180216,22.74,23.71,22.74,23.48,948110
ALEX,20180215,22.75,22.96,22.43,22.85,449399
ALEX,20180214,22.59,22.66,22.26,22.53,474814
ALEX,20180213,22.77,22.99,22.30,22.85,406639
ALEX,20180212,22.61,23.09,22.02,22.97,386264
ALEX,20180209,22.32,22.81,21.78,22.58,528284
ALEX,20180208,23.15,23.219,22.19,22.21,481247
ALEX,20180207,23.26,23.63,23.07,23.07,666638
ALEX,20180206,23.11,23.78,22.78,23.23,1304419
ALEX,20180205,24.99,25.11,23.48,23.48,922277
ALEX,20180202,25.63,25.86,25.07,25.18,480059
ALEX,20180201,26.44,26.83,25.85,26.00,395585
ALEX,20180131,27.01,27.09,26.32,26.52,390118
ALEX,20180130,27.61,27.66,26.90,26.95,377895
ALEX,20180129,28.02,28.04,27.55,27.68,816873
ALEX,20180126,28.04,28.42,27.651,28.06,537759
ALEX,20180125,29.05,29.2089,27.73,28.05,722370
ALEX,20180124,28.79,29.23,28.79,29.15,452429
ALEX,20180123,28.47,29.109,28.47,28.95,290858
ALEX,20180122,27.98,28.40,27.96,28.35,361640
ALEX,20180119,27.53,28.12,27.53,27.92,162394
ALEX,20180118,27.92,27.961,27.60,27.61,116610
ALEX,20180117,27.50,27.92,27.50,27.84,127990
ALEX,20180116,27.70,28.07,27.51,27.69,186962
ALEX,20180112,27.96,28.02,27.62,27.66,112147
ALEX,20180111,27.54,27.96,27.46,27.96,134893
ALEX,20180110,27.45,27.61,27.27,27.52,82723
ALEX,20180109,27.96,28.19,27.68,27.70,77646
ALEX,20180108,27.50,28.035,27.32,28.00,165615
ALEX,20180105,27.73,27.81,27.51,27.63,135022
ALEX,20180104,27.96,28.09,27.76,27.77,138387
ALEX,20180103,28.00,28.23,27.79,27.98,161530
ALEX,20180102,27.75,28.13,27.51,28.12,196139
ALEX,20171229,27.80,27.84,27.50,27.74,154591
ALEX,20171228,27.66,27.86,27.545,27.72,188406
ALEX,20171227,27.60,27.89,27.5325,27.67,255131
ALEX,20171226,27.88,27.88,27.55,27.62,248551
ALEX,20171222,27.87,28.08,27.79,27.87,169868
ALEX,20171221,27.95,28.17,27.76,27.91,310469
ALEX,20171220,27.82,28.21,27.6001,27.93,327551
ALEX,20171219,28.69,28.81,28.04,28.14,253327
ALEX,20171218,28.67,28.955,28.635,28.75,214845
ALEX,20171215,28.58,28.90,28.38,28.66,618265
ALEX,20171214,28.78,28.95,28.40,28.57,255762
ALEX,20171213,28.50,28.98,28.50,28.85,179198
ALEX,20171212,28.79,28.94,28.59,28.65,263569
ALEX,20171211,28.88,29.08,28.655,28.68,198730
ALEX,20171208,29.39,29.45,29.00,29.03,228144
ALEX,20171207,29.33,29.48,29.14,29.25,181488
ALEX,20171206,29.80,29.935,29.37,29.44,168323
ALEX,20171205,29.91,29.99,29.66,29.82,255899
ALEX,20171204,29.24,29.86,29.22,29.84,242047
ALEX,20171201,29.09,29.24,28.64,29.12,263318
ALEX,20171130,29.33,29.4147,29.0001,29.06,427035
ALEX,20171129,28.75,29.215,28.65,29.11,538199
ALEX,20171128,29.80,29.80,28.51,28.74,487659
ALEX,20171127,44.70,45.47,44.44,45.02,459516
ALEX,20171124,44.87,45.18,44.105,44.11,181976
ALEX,20171122,44.90,45.08,44.45,44.84,298962
ALEX,20171121,44.23,45.31,44.1364,44.87,380930
ALEX,20171120,44.08,44.30,43.63,44.12,254281
ALEX,20171117,43.75,44.24,43.75,43.91,581719
ALEX,20171116,43.45,44.39,43.33,43.88,194435
ALEX,20171115,43.56,44.07,43.22,43.27,184339
ALEX,20171114,44.49,44.87,43.82,43.82,126534
ALEX,20171113,43.25,44.63,43.10,44.60,214369
ALEX,20171110,43.19,43.66,43.08,43.43,134381
ALEX,20171109,42.76,43.25,42.60,42.92,125718
ALEX,20171108,43.00,43.58,42.24,43.01,374188
ALEX,20171107,45.55,45.55,44.92,45.19,182830
ALEX,20171106,44.79,45.43,44.79,45.26,67516
ALEX,20171103,45.07,45.24,44.65,44.79,86778
ALEX,20171102,45.10,45.38,44.87,45.09,111697
ALEX,20171101,45.58,45.62,44.84,45.21,90195
ALEX,20171031,44.75,45.26,44.54,45.24,137247
ALEX,20171030,45.32,45.50,44.35,44.55,111653
ALEX,20171027,45.20,45.47,44.94,45.40,135061
ALEX,20171026,45.29,45.39,44.92,45.04,79395
ALEX,20171025,45.04,45.46,44.74,45.13,176485
ALEX,20171024,44.78,45.49,44.67,45.39,194562
ALEX,20171023,45.07,45.30,44.53,44.65,91974
ALEX,20171020,45.42,45.42,44.87,44.95,110907
ALEX,20171019,45.20,45.46,44.86,45.12,131237
ALEX,20171018,45.39,45.825,45.24,45.28,166799
ALEX,20171017,45.47,45.63,45.34,45.39,118903
ALEX,20171016,45.73,45.96,45.36,45.46,100467
ALEX,20171013,45.85,45.85,45.45,45.70,123966
ALEX,20171012,45.57,46.055,45.57,45.71,104603
ALEX,20171011,45.71,46.03,45.535,45.70,128372
ALEX,20171010,45.87,46.18,45.39,45.70,186124
ALEX,20171009,45.70,46.38,45.39,45.62,124772
ALEX,20171006,46.27,46.41,45.64,45.75,150546
ALEX,20171005,46.57,46.88,46.35,46.38,125686
ALEX,20171004,46.67,46.8719,46.31,46.40,162837
ALEX,20171003,46.86,46.96,46.59,46.87,157513
ALEX,20171002,46.46,46.88,46.24,46.85,169582
ALEX,20170929,46.40,46.67,46.15,46.33,211769
ALEX,20170928,46.10,46.295,45.47,46.29,222640
ALEX,20170927,45.46,46.27,45.36,46.00,282152
ALEX,20170926,45.07,45.73,44.98,45.47,279851
ALEX,20170925,44.88,45.38,44.88,45.14,187558
ALEX,20170922,45.29,45.35,44.83,44.97,144526
ALEX,20170921,45.18,45.36,44.98,45.19,157251
ALEX,20170920,45.00,45.38,44.525,45.13,197009
ALEX,20170919,44.85,44.94,44.55,44.94,182763
ALEX,20170918,44.87,44.94,44.52,44.92,183572
ALEX,20170915,44.96,44.96,44.52,44.80,434639
ALEX,20170914,45.16,45.38,44.83,45.00,206948
ALEX,20170913,45.09,45.195,44.64,44.98,282199
ALEX,20170912,45.37,45.40,44.86,45.15,167515
ALEX,20170911,45.41,45.78,45.14,45.23,336148
ALEX,20170908,44.91,45.71,44.81,45.11,270508
ALEX,20170907,43.90,45.08,43.90,45.05,343710
ALEX,20170906,43.70,44.165,43.70,43.99,224770
ALEX,20170905,43.72,44.03,43.41,43.69,364054
ALEX,20170901,43.71,43.92,43.16,43.70,215955
ALEX,20170831,43.34,44.31,43.03,43.40,3962382
ALEX,20170830,43.11,43.37,42.69,43.05,87925
ALEX,20170829,42.36,43.31,42.36,43.21,195196
ALEX,20170828,42.87,42.99,42.33,42.51,238861
ALEX,20170825,42.56,42.92,42.51,42.71,179019
ALEX,20170824,43.07,43.07,42.19,42.39,239895
ALEX,20170823,42.11,42.88,42.11,42.75,283622
ALEX,20170822,42.44,42.81,42.29,42.30,244491
ALEX,20170821,41.90,42.63,41.6525,42.43,270290
ALEX,20170818,42.00,42.21,41.42,42.05,214956
ALEX,20170817,43.19,43.51,42.26,42.32,233920
ALEX,20170816,43.45,44.32,43.25,43.28,430605
ALEX,20170815,43.83,43.83,43.18,43.61,485421
ALEX,20170814,43.56,44.12,43.25,43.88,699632
ALEX,20170811,43.47,43.90,43.07,43.32,1139985
ALEX,20170810,43.33,43.74,42.63,43.26,288079
ALEX,20170809,43.47,43.87,42.80,43.47,274590
ALEX,20170808,42.98,43.72,42.80,43.28,179046
ALEX,20170807,42.47,43.11,42.10,43.03,144872
ALEX,20170804,42.55,42.60,41.99,42.47,150071
ALEX,20170803,42.61,43.77,42.22,42.43,191996
ALEX,20170802,42.43,42.92,42.295,42.43,149392
ALEX,20170801,41.94,42.40,41.76,42.31,71581
ALEX,20170731,42.02,42.03,41.61,41.93,123527
ALEX,20170728,41.55,42.25,41.48,41.88,113110
ALEX,20170727,41.97,41.97,41.24,41.72,117005
ALEX,20170726,42.76,42.81,41.715,41.74,133312
ALEX,20170725,42.76,42.96,42.03,42.78,236242
ALEX,20170724,42.11,42.53,41.82,42.51,170073
ALEX,20170721,42.58,43.23,41.80,42.19,116513
ALEX,20170720,42.40,42.85,42.215,42.36,54191
ALEX,20170719,41.85,42.46,41.85,42.41,66797
ALEX,20170718,41.92,42.155,41.75,41.87,90852
ALEX,20170717,42.13,42.46,41.75,41.90,143178
ALEX,20170714,41.91,42.651,41.63,42.20,121316
ALEX,20170713,41.83,42.24,41.65,41.98,140351
ALEX,20170712,41.87,42.17,41.50,41.90,165127
ALEX,20170711,41.00,42.02,40.72,41.59,232524
ALEX,20170710,41.25,41.25,40.61,40.64,75470
ALEX,20170707,40.70,41.365,40.58,41.31,61043
ALEX,20170706,41.18,41.475,40.63,40.72,86260
ALEX,20170705,41.84,41.93,41.03,41.43,65744
ALEX,20170703,41.50,42.01,41.35,41.91,53971
ALEX,20170630,41.64,42.135,40.86,41.38,114854
ALEX,20170629,41.64,41.64,40.77,41.49,83639
ALEX,20170628,41.87,42.28,41.53,41.78,110566
ALEX,20170627,41.71,41.85,41.50,41.59,88587
ALEX,20170626,41.52,41.91,41.08,41.71,166960
ALEX,20170623,41.39,41.80,41.05,41.46,323394
ALEX,20170622,42.08,42.56,41.31,41.49,86524
ALEX,20170621,42.03,42.54,41.889,41.99,155076
ALEX,20170620,42.01,42.52,42.00,42.20,210014
ALEX,20170619,41.93,42.045,41.45,41.95,70439
ALEX,20170616,41.65,41.87,41.22,41.76,305935
ALEX,20170615,41.95,42.44,41.59,42.18,59105
ALEX,20170614,42.57,42.73,42.2216,42.40,67793
ALEX,20170613,42.53,42.93,42.24,42.56,64331
ALEX,20170612,42.34,43.00,42.32,42.46,86140
ALEX,20170609,41.38,42.30,41.225,42.26,125517
ALEX,20170608,40.14,41.23,39.5267,41.13,142138
ALEX,20170607,40.64,40.80,40.15,40.24,82395
ALEX,20170606,39.97,40.65,39.9375,40.36,60918
ALEX,20170605,41.14,41.24,40.241,40.32,93700
ALEX,20170602,40.88,41.77,40.66,41.18,134410
ALEX,20170601,39.82,40.65,39.68,40.63,155799
ALEX,20170531,40.27,40.525,39.735,40.02,122822
ALEX,20170530,40.50,40.655,40.14,40.27,83477
ALEX,20170526,40.68,41.07,40.41,40.76,78232
ALEX,20170525,41.46,41.52,40.54,40.72,69505
ALEX,20170524,41.65,42.10,41.10,41.36,103188
ALEX,20170523,41.96,42.04,41.46,41.71,68048
ALEX,20170522,41.27,41.82,40.90,41.74,110872
ALEX,20170519,41.16,41.625,40.75,41.17,118728
ALEX,20170518,40.71,41.54,40.48,41.30,140110
ALEX,20170517,40.81,41.59,40.67,40.74,129252
ALEX,20170516,41.77,42.14,41.25,41.80,77889
ALEX,20170515,41.44,42.17,40.79,41.69,98477
ALEX,20170512,41.62,41.70,41.15,41.21,78054
ALEX,20170511,41.77,41.92,41.04,41.77,59484
ALEX,20170510,42.04,42.31,41.72,41.96,87392
ALEX,20170509,41.93,42.45,41.40,42.12,139461
ALEX,20170508,41.81,42.30,41.42,42.17,213523
ALEX,20170505,44.50,45.05,41.615,41.95,259078
ALEX,20170504,45.46,45.46,44.94,45.33,76291
ALEX,20170503,46.02,46.02,45.03,45.30,64465
ALEX,20170502,46.26,46.50,45.76,45.94,66113
ALEX,20170501,46.02,46.48,45.62,46.25,118383
ALEX,20170428,46.20,46.285,45.65,46.01,87780
ALEX,20170427,46.61,46.80,46.2991,46.44,51723
ALEX,20170426,46.00,46.87,45.60,46.58,114844
ALEX,20170425,46.05,46.24,45.585,46.02,92491
ALEX,20170424,46.29,46.29,45.73,45.80,85639
ALEX,20170421,45.24,45.86,45.04,45.80,82606
ALEX,20170420,45.08,45.59,44.70,45.54,94948
ALEX,20170419,44.78,45.09,44.42,44.80,79191
ALEX,20170418,44.59,44.70,44.38,44.64,76489
ALEX,20170417,44.20,44.81,44.09,44.75,87582
ALEX,20170413,44.58,44.77,43.95,43.95,57113
ALEX,20170412,45.10,45.10,44.33,44.71,54090
ALEX,20170411,44.15,45.22,43.98,45.19,94032
ALEX,20170410,44.69,45.05,44.20,44.50,63505
ALEX,20170407,44.26,44.94,44.085,44.64,57211
ALEX,20170406,43.79,44.45,43.50,44.40,53481
ALEX,20170405,44.50,44.60,43.72,43.76,103477
ALEX,20170404,44.10,44.72,44.05,44.34,107513
ALEX,20170403,44.70,45.24,44.02,44.35,86176
ALEX,20170331,44.25,44.765,44.05,44.52,116843
ALEX,20170330,43.74,44.29,43.74,44.24,82503
ALEX,20170329,43.93,44.31,43.74,43.89,89683
ALEX,20170328,43.35,43.92,43.14,43.88,59057
ALEX,20170327,42.56,43.67,42.53,43.54,103495
ALEX,20170324,43.17,43.54,42.75,43.02,124593
ALEX,20170323,42.90,44.00,42.595,43.12,95113
ALEX,20170322,43.40,43.75,42.42,43.11,118403
ALEX,20170321,44.85,44.93,43.62,43.64,84139
ALEX,20170320,44.76,44.94,44.41,44.64,83403
ALEX,20170317,43.89,45.21,43.89,44.97,390845
ALEX,20170316,43.91,44.27,43.44,43.92,58745
ALEX,20170315,43.27,44.17,43.18,43.82,149191
ALEX,20170314,43.10,43.37,42.82,43.11,71263
ALEX,20170313,43.00,43.54,42.92,43.30,46512
ALEX,20170310,42.82,43.42,42.48,43.17,142144
ALEX,20170309,43.56,44.09,42.74,42.81,136025
ALEX,20170308,44.22,44.22,43.76,43.81,110565
ALEX,20170307,44.55,44.88,43.92,44.10,48228
ALEX,20170306,43.84,44.75,43.66,44.53,86572
ALEX,20170303,44.00,44.28,43.65,44.10,105515
ALEX,20170302,44.39,44.51,43.755,43.83,76321
ALEX,20170301,40.78,44.79,40.78,44.62,251245
ALEX,20170228,45.84,45.84,44.635,44.83,140752
ALEX,20170227,45.66,46.27,45.55,46.10,108880
ALEX,20170224,44.92,45.97,44.92,45.63,68241
ALEX,20170223,45.50,45.61,44.70,45.44,84867
ALEX,20170222,45.40,45.44,44.89,45.37,47644
ALEX,20170221,44.98,45.49,44.74,45.40,73462
ALEX,20170217,45.06,45.34,44.68,44.90,96257
ALEX,20170216,44.74,45.20,44.39,44.83,70955
ALEX,20170215,44.85,44.99,44.39,44.74,88275
ALEX,20170214,44.49,45.13,44.15,44.96,83839
ALEX,20170213,44.90,45.17,44.46,44.76,67171
ALEX,20170210,44.60,45.02,44.26,44.86,68454
ALEX,20170209,44.01,44.56,43.55,44.35,75561
ALEX,20170208,44.57,45.02,43.92,44.01,66623
ALEX,20170207,45.01,45.47,44.60,44.83,86549
ALEX,20170206,44.80,45.39,44.52,44.87,63197
ALEX,20170203,44.03,45.10,43.92,45.05,65121
ALEX,20170202,43.72,44.07,43.51,43.77,77441
ALEX,20170201,44.89,45.38,43.72,43.88,64851
ALEX,20170131,44.03,44.78,43.49,44.52,125553
ALEX,20170130,43.86,44.45,43.2759,44.28,111974
ALEX,20170127,44.66,44.70,43.74,44.29,57984
ALEX,20170126,44.79,45.36,44.635,44.77,46371
ALEX,20170125,45.51,45.56,44.59,44.89,94694
ALEX,20170124,44.53,45.39,44.10,45.10,94805
ALEX,20170123,44.20,44.585,44.00,44.20,47349
ALEX,20170120,43.66,44.605,43.66,44.32,79193
ALEX,20170119,44.08,44.08,43.48,43.74,89107
ALEX,20170118,44.23,44.32,43.93,44.06,55743
ALEX,20170117,44.02,44.30,43.65,43.91,71282
ALEX,20170113,44.41,45.25,44.41,44.67,77387
ALEX,20170112,44.25,44.25,43.54,44.09,93283
ALEX,20170111,43.80,44.33,43.685,44.10,81932
ALEX,20170110,43.71,44.38,43.60,44.05,93602
ALEX,20170109,43.95,43.98,43.31,43.56,76779
ALEX,20170106,44.30,44.91,43.93,43.95,89160
ALEX,20170105,44.75,44.94,44.12,44.50,57837
ALEX,20170104,44.84,45.28,44.67,45.00,158863
ALEX,20170103,45.41,45.43,44.29,44.59,70647
ALEX,20161230,44.50,45.36,43.97,44.87,139954
ALEX,20161229,44.58,45.08,44.16,44.57,113167
ALEX,20161228,44.69,44.69,44.11,44.36,52526
ALEX,20161227,44.88,45.34,44.44,44.63,50597
ALEX,20161223,44.78,44.99,44.63,44.98,52577
ALEX,20161222,44.44,44.80,43.98,44.59,89205
ALEX,20161221,45.05,45.66,44.33,44.42,93570
ALEX,20161220,44.76,45.20,44.38,45.14,83513
ALEX,20161219,44.21,44.58,43.95,44.49,130495
ALEX,20161216,44.60,45.21,43.79,43.95,721805
ALEX,20161215,43.41,44.61,43.17,44.29,167513
ALEX,20161214,44.59,44.64,43.33,43.37,119140
ALEX,20161213,44.46,45.10,44.16,44.54,136203
ALEX,20161212,45.63,45.84,44.38,44.47,158848
ALEX,20161209,45.86,46.43,45.3405,45.98,104621
ALEX,20161208,44.24,46.15,44.115,46.09,198264
ALEX,20161207,43.90,44.82,43.90,44.14,272425
ALEX,20161206,43.91,44.20,43.78,43.98,151044
ALEX,20161205,43.77,44.0699,43.63,43.86,136700
ALEX,20161202,43.30,43.84,43.0901,43.39,117932
ALEX,20161201,44.09,44.49,43.02,43.30,168106
ALEX,20161130,44.39,44.9058,44.04,44.07,197859
ALEX,20161129,43.82,45.00,43.82,44.29,124821
ALEX,20161128,44.27,44.27,43.38,43.57,80606
ALEX,20161125,43.70,44.105,43.70,44.04,53591
ALEX,20161123,43.42,43.80,43.08,43.75,146336
ALEX,20161122,43.29,43.64,43.03,43.63,176873
ALEX,20161121,43.58,44.035,42.87,43.03,136594
ALEX,20161118,43.37,43.74,43.045,43.50,150973
ALEX,20161117,43.15,43.98,43.15,43.61,104933
ALEX,20161116,43.04,43.42,42.86,43.15,141400
ALEX,20161115,43.02,43.25,42.75,43.07,166306
ALEX,20161114,43.33,43.60,42.32,42.95,227887
ALEX,20161111,42.08,43.26,42.00,42.90,261729
ALEX,20161110,42.60,42.84,41.785,41.99,222964
ALEX,20161109,40.29,42.14,39.32,42.10,158836
ALEX,20161108,41.31,41.84,41.205,41.42,103236
ALEX,20161107,40.64,41.53,40.29,41.34,123107
ALEX,20161104,39.59,40.5725,39.41,39.99,124342
ALEX,20161103,39.86,40.00,39.25,39.43,122546
ALEX,20161102,40.51,40.80,39.89,39.90,136613
ALEX,20161101,41.70,41.71,40.65,40.66,145053
ALEX,20161031,41.35,42.01,41.12,41.79,198563
ALEX,20161028,38.90,41.60,38.79,41.24,466773
ALEX,20161027,38.38,38.38,37.31,37.79,127843
ALEX,20161026,38.25,38.51,38.01,38.20,75098
ALEX,20161025,38.28,38.47,38.08,38.31,90242
ALEX,20161024,38.86,38.86,37.74,38.31,74891
ALEX,20161021,37.54,37.94,37.19,37.93,48048
ALEX,20161020,37.20,38.09,37.08,37.98,106811
ALEX,20161019,37.20,37.48,36.99,37.22,45438
ALEX,20161018,37.60,37.60,36.98,37.08,82942
ALEX,20161017,37.49,37.51,37.14,37.14,48691
ALEX,20161014,37.64,37.83,37.35,37.38,47235
ALEX,20161013,37.54,37.74,37.305,37.57,87027
ALEX,20161012,37.66,38.11,37.57,37.80,74975
ALEX,20161011,37.73,38.19,37.27,37.55,102973
ALEX,20161010,38.20,38.585,37.79,38.06,69062
ALEX,20161007,37.94,38.05,37.65,37.91,109952
ALEX,20161006,37.41,37.76,37.10,37.71,51965
ALEX,20161005,38.15,38.15,37.63,37.65,102638
ALEX,20161004,38.12,38.38,37.89,37.92,86592
ALEX,20161003,38.17,38.35,37.84,38.09,110797
ALEX,20160930,37.96,38.65,37.72,38.42,134998
ALEX,20160929,38.54,38.60,37.72,37.73,81914
ALEX,20160928,38.79,39.25,38.30,38.65,97503
ALEX,20160927,38.66,39.01,38.48,38.59,75983
ALEX,20160926,38.81,39.29,38.60,38.63,65734
ALEX,20160923,39.48,39.555,39.06,39.07,92630
ALEX,20160922,38.72,39.67,38.72,39.61,133561
ALEX,20160921,37.75,38.60,37.43,38.47,110551
ALEX,20160920,38.39,38.39,37.60,37.61,105482
ALEX,20160919,37.79,38.24,37.79,38.20,64019
ALEX,20160916,37.75,37.75,37.26,37.60,213650
ALEX,20160915,37.34,37.68,37.22,37.66,57538
ALEX,20160914,37.35,37.53,37.02,37.20,78616
ALEX,20160913,38.28,38.37,37.30,37.32,114068
ALEX,20160912,38.37,38.77,38.14,38.67,94681
ALEX,20160909,39.41,39.41,38.48,38.48,187610
ALEX,20160908,40.43,40.43,39.82,39.85,79071
ALEX,20160907,40.73,41.20,40.49,40.55,126796
ALEX,20160906,40.72,40.73,40.24,40.65,117235
ALEX,20160902,40.46,40.74,40.08,40.66,120054
ALEX,20160901,40.09,40.21,39.50,40.09,135036
ALEX,20160831,39.98,40.47,39.71,40.13,246312
ALEX,20160830,40.06,40.175,39.71,39.99,140231
ALEX,20160829,39.89,40.43,39.54,40.12,145975
ALEX,20160826,41.43,41.50,39.755,40.04,205063
ALEX,20160825,41.62,42.12,41.62,41.86,61217
ALEX,20160824,41.96,42.097,41.70,41.83,59521
ALEX,20160823,42.05,42.80,41.85,42.07,134264
ALEX,20160822,41.54,42.05,40.97,41.83,63385
ALEX,20160819,41.77,41.92,41.61,41.75,100010
ALEX,20160818,41.94,41.96,41.94,41.94,85535
ALEX,20160817,41.17,41.40,40.875,41.36,101648
ALEX,20160816,41.51,41.51,41.04,41.08,76984
ALEX,20160815,41.42,42.115,41.42,41.53,118061
ALEX,20160812,40.83,41.53,40.83,41.44,96344
ALEX,20160811,41.10,41.20,40.438,40.91,68106
ALEX,20160810,41.28,41.42,40.96,41.10,129589
ALEX,20160809,40.82,41.35,40.82,41.17,81167
ALEX,20160808,40.65,41.24,40.65,41.17,68479
ALEX,20160805,40.59,40.96,40.34,40.86,87687
ALEX,20160804,40.12,40.38,39.92,40.29,72414
ALEX,20160803,40.08,40.44,39.86,40.31,107705
ALEX,20160802,40.16,40.38,39.80,40.00,129349
ALEX,20160801,39.40,40.245,39.311,40.11,161378
ALEX,20160729,39.00,39.70,38.86,39.40,166919
ALEX,20160728,37.39,39.61,37.2501,39.09,127441
ALEX,20160727,37.85,37.90,37.57,37.79,95424
ALEX,20160726,37.76,38.15,37.65,37.87,75035
ALEX,20160725,37.87,38.14,37.69,37.78,124221
ALEX,20160722,37.86,38.11,37.75,37.85,131694
ALEX,20160721,37.83,38.15,37.54,37.79,107640
ALEX,20160720,37.85,38.23,37.48,38.04,69404
ALEX,20160719,37.48,37.99,37.2851,37.81,83246
ALEX,20160718,37.53,38.022,37.51,37.58,86990
ALEX,20160715,37.95,38.03,37.471,37.84,154726
ALEX,20160714,37.93,38.16,37.60,37.72,57803
ALEX,20160713,38.00,38.13,37.56,37.68,84632
ALEX,20160712,37.33,38.00,37.091,37.74,124661
ALEX,20160711,36.94,37.28,36.68,37.08,84310
ALEX,20160708,35.55,36.77,35.38,36.68,109176
ALEX,20160707,35.73,35.835,35.12,35.25,68334
ALEX,20160706,35.46,35.91,35.22,35.76,79924
ALEX,20160705,36.13,36.235,35.44,35.65,128131
ALEX,20160701,36.15,36.94,36.04,36.24,73096
ALEX,20160630,35.85,36.15,35.315,36.14,175178
ALEX,20160629,35.70,35.86,35.325,35.68,82338
ALEX,20160628,35.06,35.57,35.06,35.21,112684
ALEX,20160627,35.33,35.62,34.78,34.81,228835
ALEX,20160624,35.80,36.48,35.32,35.71,432986
ALEX,20160623,36.46,37.36,36.46,37.35,174145
ALEX,20160622,36.48,36.5699,35.93,35.96,161790
ALEX,20160621,36.59,36.70,36.12,36.28,162612
ALEX,20160620,36.87,37.13,36.49,36.53,128252
ALEX,20160617,36.86,37.03,36.25,36.43,424536
ALEX,20160616,36.93,37.05,36.34,36.95,133738
ALEX,20160615,36.96,37.41,36.53,37.06,76638
ALEX,20160614,36.97,37.335,36.33,36.66,164941
ALEX,20160613,37.60,37.875,37.00,37.14,240522
ALEX,20160610,38.56,38.62,37.78,37.78,138450
ALEX,20160609,38.64,39.02,38.38,38.88,180872
ALEX,20160608,38.63,39.27,38.63,39.04,107089
ALEX,20160607,38.19,38.85,38.14,38.60,126038
ALEX,20160606,37.82,38.17,37.51,38.07,120644
ALEX,20160603,38.20,38.235,37.39,37.76,75311
ALEX,20160602,38.00,38.00,37.48,37.99,94753
ALEX,20160601,37.44,38.06,37.05,38.04,133776
ALEX,20160531,37.42,37.88,37.19,37.66,190170
ALEX,20160527,36.55,37.23,36.51,37.12,190517
ALEX,20160526,36.26,36.89,36.19,36.42,79377
ALEX,20160525,36.00,36.03,35.62,35.96,99831
ALEX,20160524,34.92,36.12,34.785,36.10,135026
ALEX,20160523,35.14,35.21,34.61,34.90,119640
ALEX,20160520,34.50,35.18,34.50,35.15,157891
ALEX,20160519,34.79,35.19,33.85,34.43,158835
ALEX,20160518,35.38,35.84,34.68,34.95,134614
ALEX,20160517,35.86,35.86,35.33,35.44,153404
ALEX,20160516,35.66,36.27,35.56,35.85,109948
ALEX,20160513,35.65,35.84,35.46,35.67,93230
ALEX,20160512,35.75,35.93,35.43,35.83,129458
ALEX,20160511,36.00,36.46,35.56,35.58,108493
ALEX,20160510,36.28,36.67,35.93,36.23,174327
ALEX,20160509,36.58,36.92,36.00,36.25,99188
ALEX,20160506,35.00,37.00,32.94,36.69,391014
ALEX,20160505,37.97,38.975,37.59,37.74,92458
ALEX,20160504,37.72,38.20,37.5501,37.91,199324
ALEX,20160503,38.71,38.78,37.83,37.91,158287
ALEX,20160502,38.35,39.31,38.35,39.00,169452
ALEX,20160429,38.25,38.65,37.81,38.24,169368
ALEX,20160428,38.89,39.17,38.23,38.32,80971
ALEX,20160427,38.82,39.32,38.60,39.00,122622
ALEX,20160426,38.63,39.36,38.50,38.99,128347
ALEX,20160425,38.67,38.77,38.01,38.53,118435
ALEX,20160422,37.97,38.78,37.85,38.75,138723
ALEX,20160421,37.57,38.39,37.53,37.85,128362
ALEX,20160420,37.47,37.70,37.34,37.47,91786
ALEX,20160419,37.60,37.97,37.19,37.56,94633
ALEX,20160418,37.82,38.11,37.30,37.65,104632
ALEX,20160415,37.40,38.10,37.15,38.02,109087
ALEX,20160414,37.45,37.85,37.25,37.56,94890
ALEX,20160413,37.21,37.6225,36.802,37.50,126861
ALEX,20160412,36.80,37.36,36.51,36.84,72854
ALEX,20160411,36.51,37.20,36.51,36.78,183933
ALEX,20160408,36.07,36.47,35.74,36.35,76302
ALEX,20160407,35.80,36.145,35.62,35.78,121357
ALEX,20160406,35.38,36.05,35.33,35.97,105569
ALEX,20160405,35.29,35.65,35.14,35.34,77456
ALEX,20160404,36.18,36.445,35.2415,35.54,140028
ALEX,20160401,36.36,36.67,35.995,36.23,102075
ALEX,20160331,36.25,36.83,36.16,36.68,98588
ALEX,20160330,36.04,36.43,35.85,36.30,80557
ALEX,20160329,34.88,35.95,34.69,35.94,226976
ALEX,20160328,34.96,35.11,34.62,34.85,101538
ALEX,20160324,34.61,34.86,34.17,34.81,203876
ALEX,20160323,35.81,35.925,34.69,34.72,127234
ALEX,20160322,35.92,36.109,35.63,35.78,114722
ALEX,20160321,37.25,37.25,35.99,36.35,169795
ALEX,20160318,37.20,37.83,37.08,37.43,290014
ALEX,20160317,36.52,37.14,36.20,36.99,98974
ALEX,20160316,35.04,36.53,35.04,36.48,147189
ALEX,20160315,35.51,35.51,34.87,35.18,116552
ALEX,20160314,36.30,36.30,35.72,35.88,89259
ALEX,20160311,35.91,36.40,35.77,36.34,124208
ALEX,20160310,35.65,35.91,35.27,35.63,208438
ALEX,20160309,35.19,35.64,35.17,35.62,171820
ALEX,20160308,35.01,35.63,35.01,35.13,206787
ALEX,20160307,34.67,35.30,34.67,35.16,174373
ALEX,20160304,34.54,35.00,34.32,34.84,134796
ALEX,20160303,34.29,34.70,34.234,34.49,198328
ALEX,20160302,34.09,34.44,33.72,34.34,158021
ALEX,20160301,33.66,34.17,33.41,34.16,252610
ALEX,20160229,33.29,33.78,33.26,33.52,186798
ALEX,20160226,33.23,33.67,32.60,33.29,172155
ALEX,20160225,33.21,33.72,33.10,33.44,135794
ALEX,20160224,32.60,33.15,32.38,33.09,180167
ALEX,20160223,32.77,33.07,32.47,32.98,218699
ALEX,20160222,32.62,33.19,32.41,32.87,167353
ALEX,20160219,32.19,32.48,31.83,32.36,108364
ALEX,20160218,32.36,32.36,31.90,32.27,131910
ALEX,20160217,32.02,32.48,32.02,32.25,171646
ALEX,20160216,31.51,31.99,31.27,31.87,176636
ALEX,20160212,30.64,31.27,30.17,31.17,216572
ALEX,20160211,30.07,30.74,29.73,30.37,168235
ALEX,20160210,29.83,30.93,29.79,30.59,226450
ALEX,20160209,29.46,30.02,29.325,29.69,179681
ALEX,20160208,29.39,29.93,29.055,29.79,335005
ALEX,20160205,29.83,30.04,29.52,29.59,374426
ALEX,20160204,29.69,30.29,29.43,29.94,255478
ALEX,20160203,29.56,29.74,28.82,29.50,729744
ALEX,20160202,30.10,30.10,29.27,29.30,367010
ALEX,20160201,30.15,30.865,29.98,30.44,218569
ALEX,20160129,30.23,30.67,29.88,30.30,350213
ALEX,20160128,30.62,30.90,29.73,30.00,167443
ALEX,20160127,30.73,30.93,30.105,30.33,112573
ALEX,20160126,30.46,31.21,30.32,30.88,123040
ALEX,20160125,31.18,31.46,30.16,30.25,100823
ALEX,20160122,30.77,31.54,30.64,31.39,173959
ALEX,20160121,30.39,30.90,30.15,30.42,185193
ALEX,20160120,29.91,30.81,29.2301,30.38,213406
ALEX,20160119,30.79,30.98,30.05,30.31,139194
ALEX,20160115,30.40,30.82,30.18,30.54,184077
ALEX,20160114,30.63,31.64,30.08,31.15,268287
ALEX,20160113,31.30,31.50,29.78,30.57,277114
ALEX,20160112,32.72,32.95,31.05,31.35,350916
ALEX,20160111,32.92,32.96,31.8501,32.49,222989
ALEX,20160108,33.32,33.56,32.40,32.80,273827
ALEX,20160107,33.48,33.84,33.141,33.25,165765
ALEX,20160106,34.33,34.74,33.46,33.77,145819
ALEX,20160105,34.49,34.93,34.30,34.79,100892
ALEX,20160104,34.69,35.03,34.27,34.48,202601
ALEX,20151231,35.28,35.87,34.95,35.31,154149
ALEX,20151230,35.85,35.92,35.27,35.39,101054
ALEX,20151229,36.04,36.27,35.46,35.82,90167
ALEX,20151228,36.01,36.125,35.43,35.85,125006
ALEX,20151224,35.75,36.37,35.62,36.09,39760
ALEX,20151223,35.63,36.005,35.3111,35.82,149823
ALEX,20151222,35.42,35.74,35.10,35.48,99644
ALEX,20151221,35.69,36.01,35.21,35.33,132552
ALEX,20151218,36.03,36.15,35.47,35.51,514656
ALEX,20151217,36.85,37.18,36.10,36.15,78852
ALEX,20151216,36.21,36.92,35.78,36.79,109256
ALEX,20151215,35.19,36.06,35.19,35.96,119479
ALEX,20151214,34.87,35.34,34.705,34.97,168205
ALEX,20151211,34.50,35.08,34.34,34.81,157242
ALEX,20151210,35.42,35.96,34.76,35.15,140718
ALEX,20151209,36.34,36.98,35.25,35.46,209801
ALEX,20151208,37.41,37.835,36.36,36.38,147571
ALEX,20151207,38.06,38.36,37.35,37.61,117302
ALEX,20151204,37.99,38.40,37.55,38.05,101803
ALEX,20151203,38.57,38.92,37.82,37.97,162121
ALEX,20151202,38.62,38.679,38.26,38.57,125631
ALEX,20151201,37.99,38.75,37.76,38.68,88472
ALEX,20151130,37.74,38.07,37.59,37.91,96796
ALEX,20151127,37.04,37.90,36.60,37.60,39677
ALEX,20151125,37.34,37.415,36.78,37.09,101131
ALEX,20151124,36.66,37.45,36.23,37.39,82557
ALEX,20151123,36.87,37.13,36.6801,36.85,66189
ALEX,20151120,37.04,37.49,36.84,36.98,78286
ALEX,20151119,36.89,37.14,36.62,36.79,57322
ALEX,20151118,36.28,36.96,36.11,36.85,76623
ALEX,20151117,35.98,36.46,35.76,36.14,275146
ALEX,20151116,35.95,36.14,35.66,36.06,102146
ALEX,20151113,36.24,36.62,35.89,35.94,90384
ALEX,20151112,36.58,36.58,36.51,36.58,105854
ALEX,20151111,37.70,37.86,37.29,37.50,34737
ALEX,20151110,37.04,38.00,36.90,37.61,180663
ALEX,20151109,37.90,38.06,36.89,37.11,180830
ALEX,20151106,37.00,38.40,35.22,38.08,269267
ALEX,20151105,38.16,38.78,37.90,38.61,71792
ALEX,20151104,38.73,38.83,37.88,38.18,105342
ALEX,20151103,38.68,39.00,38.16,38.64,94352
ALEX,20151102,37.98,38.96,37.585,38.89,98274
ALEX,20151030,38.23,38.30,37.58,37.74,84170
ALEX,20151029,38.17,38.48,37.57,38.44,83242
ALEX,20151028,36.65,38.43,36.43,38.33,137159
ALEX,20151027,37.24,37.24,36.31,36.58,115778
ALEX,20151026,37.4601,37.72,36.93,37.42,82442
ALEX,20151023,37.28,37.82,37.16,37.61,31006
ALEX,20151022,36.82,37.73,36.82,37.39,28951
ALEX,20151021,37.51,37.52,36.55,36.59,76050
ALEX,20151020,37.02,37.47,36.92,37.38,37692
ALEX,20151019,36.97,37.41,36.97,37.09,38395
ALEX,20151016,37.25,37.27,36.695,37.17,70936
ALEX,20151015,36.19,37.20,35.97,37.16,79438
ALEX,20151014,36.44,36.72,36.02,36.15,52689
ALEX,20151013,36.74,37.17,36.34,36.43,71721
ALEX,20151012,36.90,36.99,36.69,36.92,58915
ALEX,20151009,36.78,36.98,36.45,36.91,69480
ALEX,20151008,35.89,36.75,35.66,36.70,88803
ALEX,20151007,35.47,35.98,35.30,35.94,117648
ALEX,20151006,35.60,35.89,35.27,35.37,66667
ALEX,20151005,34.91,35.75,34.91,35.68,102280
ALEX,20151002,34.71,34.81,33.87,34.71,96953
ALEX,20151001,34.41,34.88,34.07,34.40,102075
ALEX,20150930,34.64,34.82,33.98,34.33,170558
ALEX,20150929,34.00,34.75,34.00,34.38,130362
ALEX,20150928,34.75,34.75,33.99,34.03,96152
ALEX,20150925,35.27,35.52,34.83,34.83,156440
ALEX,20150924,35.26,35.36,34.64,35.11,129348
ALEX,20150923,35.45,35.70,35.20,35.40,131197
ALEX,20150922,35.15,35.58,34.80,35.41,154956
ALEX,20150921,34.67,35.54,34.60,35.41,138900
ALEX,20150918,34.73,35.16,34.47,34.58,176939
ALEX,20150917,35.31,35.66,34.89,35.08,107398
ALEX,20150916,34.77,35.36,34.73,35.29,71558
ALEX,20150915,34.93,34.99,34.46,34.82,105115
ALEX,20150914,35.50,35.50,34.77,34.96,90757
ALEX,20150911,35.06,35.76,34.65,35.49,218651
ALEX,20150910,34.50,35.20,34.27,34.69,142673
ALEX,20150909,35.06,35.20,34.33,34.5101,112520
ALEX,20150908,34.54,34.91,34.44,34.90,130747
ALEX,20150904,34.18,34.45,33.90,34.24,160585
ALEX,20150903,33.73,34.715,33.65,34.48,171728
ALEX,20150902,33.74,34.04,33.26,33.41,196206
ALEX,20150901,33.37,33.78,33.25,33.34,250778
ALEX,20150831,34.24,34.42,33.39,33.83,237489
ALEX,20150828,34.25,34.63,33.85,34.33,157772
ALEX,20150827,34.09,34.31,33.67,34.26,281266
ALEX,20150826,34.15,34.45,33.01,33.94,155268
ALEX,20150825,35.75,35.92,33.21,33.40,280791
ALEX,20150824,34.65,35.93,34.24,34.77,268962
ALEX,20150821,35.51,36.38,35.45,36.10,187960
ALEX,20150820,36.70,36.78,36.009,36.12,228045
ALEX,20150819,37.03,37.27,36.73,36.80,102937
ALEX,20150818,37.40,37.71,36.95,37.12,79049
ALEX,20150817,36.88,37.57,36.62,37.55,84512
ALEX,20150814,37.15,37.27,36.74,36.94,94108
ALEX,20150813,37.15,37.515,36.84,37.15,132523
ALEX,20150812,36.67,37.26,36.47,37.23,160678
ALEX,20150811,36.07,36.82,36.07,36.81,152052
ALEX,20150810,36.06,36.55,36.01,36.37,90520
ALEX,20150807,32.15,36.76,32.15,35.92,305285
ALEX,20150806,37.50,37.63,36.56,37.30,95819
ALEX,20150805,37.96,38.045,37.25,37.51,82631
ALEX,20150804,37.87,38.13,37.42,37.73,64388
ALEX,20150803,37.84,38.13,37.275,37.82,82174
ALEX,20150731,37.85,38.28,37.61,37.75,153173
ALEX,20150730,37.70,37.86,37.32,37.68,72450
ALEX,20150729,37.71,38.08,37.69,37.88,66511
ALEX,20150728,37.98,38.13,37.55,37.83,100927
ALEX,20150727,37.80,38.085,37.70,37.84,73610
ALEX,20150724,38.12,38.56,37.59,37.91,125823
ALEX,20150723,38.88,38.94,37.98,38.20,106554
ALEX,20150722,38.34,38.89,38.34,38.76,60294
ALEX,20150721,38.64,39.205,38.37,38.52,102918
ALEX,20150720,39.15,39.15,38.61,38.69,88784
ALEX,20150717,39.09,39.32,38.95,39.13,93149
ALEX,20150716,39.37,39.67,38.97,39.11,50653
ALEX,20150715,39.17,39.37,38.77,39.14,77791
ALEX,20150714,39.07,39.60,38.92,39.21,62238
ALEX,20150713,39.11,39.42,39.01,39.23,74855
ALEX,20150710,38.53,38.95,38.35,38.82,100864
ALEX,20150709,39.22,39.22,38.10,38.18,99835
ALEX,20150708,39.14,39.575,38.44,38.70,168043
ALEX,20150707,39.93,40.00,39.26,39.66,106172
ALEX,20150706,39.12,40.00,38.95,39.87,115448
ALEX,20150702,39.89,39.89,39.13,39.41,89330
ALEX,20150701,39.69,39.88,39.25,39.63,173060
ALEX,20150630,39.60,39.66,39.17,39.41,138833
ALEX,20150629,40.06,40.77,39.12,39.18,159846
ALEX,20150626,40.11,40.52,39.69,40.33,383662
ALEX,20150625,40.43,40.43,39.59,39.99,106696
ALEX,20150624,40.80,40.889,40.15,40.20,104535
ALEX,20150623,41.47,41.47,40.69,41.06,110578
ALEX,20150622,41.26,41.5799,40.982,41.19,75903
ALEX,20150619,41.07,41.19,40.51,41.05,282344
ALEX,20150618,40.04,40.93,39.84,40.81,246748
ALEX,20150617,40.07,40.17,39.52,39.88,172947
ALEX,20150616,39.27,40.13,39.27,39.99,169574
ALEX,20150615,39.85,40.09,39.15,39.45,453841
ALEX,20150612,39.85,40.04,39.66,39.82,47726
ALEX,20150611,40.07,40.08,39.81,39.99,112438
ALEX,20150610,39.88,40.15,39.7501,39.91,176894
ALEX,20150609,39.77,40.07,39.52,39.68,105306
ALEX,20150608,40.20,40.40,39.79,39.81,190040
ALEX,20150605,39.71,40.255,39.39,40.09,122529
ALEX,20150604,40.51,40.51,39.731,39.98,133779
ALEX,20150603,40.66,40.97,40.35,40.78,198637
ALEX,20150602,40.76,41.15,40.638,40.77,95020
ALEX,20150601,41.65,41.65,40.78,41.09,128245
ALEX,20150529,41.59,41.66,40.90,41.07,151851
ALEX,20150528,41.21,41.71,40.82,41.71,64152
ALEX,20150527,40.74,41.43,40.6001,41.35,93395
ALEX,20150526,41.11,41.30,40.49,40.88,135523
ALEX,20150522,41.52,41.98,41.21,41.40,66903
ALEX,20150521,42.18,42.55,41.54,41.66,68620
ALEX,20150520,42.14,42.71,41.67,42.13,201133
ALEX,20150519,42.51,42.51,41.48,42.01,94164
ALEX,20150518,41.98,42.72,41.86,42.50,74902
ALEX,20150515,41.82,42.36,41.52,42.25,130933
ALEX,20150514,41.10,42.15,41.10,41.80,191788
ALEX,20150513,41.66,42.35,41.00,41.02,135452
ALEX,20150512,41.73,42.00,41.18,41.57,155803
ALEX,20150511,42.00,42.66,41.788,41.90,140392
ALEX,20150508,42.50,43.13,41.82,42.33,162602
ALEX,20150507,39.64,40.51,39.39,40.07,167748
ALEX,20150506,39.63,39.87,39.18,39.79,199735
ALEX,20150505,40.05,40.85,39.20,39.51,260830
ALEX,20150504,40.32,40.85,40.22,40.24,124993
ALEX,20150501,40.53,40.88,40.06,40.35,81544
ALEX,20150430,40.97,41.36,39.71,40.48,240565
ALEX,20150429,41.31,41.47,40.66,41.30,106099
ALEX,20150428,41.31,41.86,41.0801,41.51,98334
ALEX,20150427,41.80,42.06,40.81,41.36,126260
ALEX,20150424,41.58,42.14,41.45,41.52,83746
ALEX,20150423,41.28,41.97,41.17,41.60,142699
ALEX,20150422,41.82,42.35,41.41,41.70,103168
ALEX,20150421,42.24,42.24,41.46,41.76,158061
ALEX,20150420,41.90,42.34,41.36,42.04,82645
ALEX,20150417,41.36,41.83,40.86,41.70,116525
ALEX,20150416,41.42,42.13,41.31,41.65,406319
ALEX,20150415,41.65,41.88,41.51,41.53,157184
ALEX,20150414,42.08,42.24,41.59,41.66,128025
ALEX,20150413,42.47,42.63,41.97,42.01,104134
ALEX,20150410,42.70,42.895,42.27,42.53,76195
ALEX,20150409,43.08,43.234,41.90,42.45,137023
ALEX,20150408,42.59,43.33,42.59,43.14,94515
ALEX,20150407,43.52,43.562,42.46,42.50,64802
ALEX,20150406,42.21,43.68,42.21,43.51,125208
ALEX,20150402,42.62,42.96,42.19,42.69,230755
ALEX,20150401,42.85,42.85,41.93,42.59,229251
ALEX,20150331,42.85,43.33,42.63,43.18,160061
ALEX,20150330,41.70,43.08,41.66,42.97,140898
ALEX,20150327,41.50,41.74,41.20,41.51,197558
ALEX,20150326,41.16,41.50,40.92,41.41,154941
ALEX,20150325,41.50,41.50,41.05,41.26,213979
ALEX,20150324,41.00,41.49,40.77,41.41,127298
ALEX,20150323,41.11,41.428,40.78,41.15,163121
ALEX,20150320,40.41,41.41,40.41,41.26,361944
ALEX,20150319,40.61,40.98,40.04,40.15,184317
ALEX,20150318,39.51,40.995,39.35,40.91,209965
ALEX,20150317,39.56,39.98,39.27,39.66,320093
ALEX,20150316,39.25,39.95,39.18,39.77,185386
ALEX,20150313,39.21,39.21,38.53,39.10,164130
ALEX,20150312,39.45,39.93,39.07,39.23,184266
ALEX,20150311,38.57,39.12,38.25,39.10,359741
ALEX,20150310,39.41,39.72,38.50,38.68,406793
ALEX,20150309,39.46,39.80,39.25,39.76,98013
ALEX,20150306,39.54,39.58,38.85,39.35,249352
ALEX,20150305,39.72,39.96,39.26,39.68,93306
ALEX,20150304,39.90,39.90,38.96,39.64,91511
ALEX,20150303,40.39,40.674,39.65,40.15,323184
ALEX,20150302,40.54,41.15,40.07,40.71,196462
ALEX,20150227,40.71,40.96,40.39,40.43,128744
ALEX,20150226,40.47,40.73,40.24,40.68,90262
ALEX,20150225,40.35,40.71,39.80,40.62,93746
ALEX,20150224,40.47,40.555,39.83,40.50,148329
ALEX,20150223,40.33,40.48,39.84,40.47,101704
ALEX,20150220,40.30,40.56,39.625,40.25,115377
ALEX,20150219,40.11,40.50,39.925,40.28,194601
ALEX,20150218,39.94,40.57,39.85,40.33,149982
ALEX,20150217,40.25,40.25,39.52,40.10,212594
ALEX,20150213,39.95,40.18,39.68,40.08,134529
ALEX,20150212,39.09,40.09,39.065,39.96,131732
ALEX,20150211,38.74,39.11,38.32,38.74,71710
ALEX,20150210,39.00,39.00,37.96,38.87,104979
ALEX,20150209,39.50,39.71,38.50,38.62,101573
ALEX,20150206,40.10,40.10,39.20,39.51,121094
ALEX,20150205,39.81,40.36,39.69,40.12,85983
ALEX,20150204,39.82,40.35,39.43,39.61,86996
ALEX,20150203,38.78,40.14,38.78,40.09,122500
ALEX,20150202,38.33,38.8299,37.59,38.49,201990
ALEX,20150130,39.04,39.36,38.22,38.26,123714
ALEX,20150129,38.48,39.43,38.02,39.41,71118
ALEX,20150128,39.74,39.77,38.20,38.40,129322
ALEX,20150127,39.60,40.15,39.15,39.39,85944
ALEX,20150126,39.24,40.17,38.70,40.04,117474
ALEX,20150123,39.21,39.48,38.695,39.34,128761
ALEX,20150122,38.55,39.21,38.14,39.16,134932
ALEX,20150121,37.58,38.435,37.47,38.22,146231
ALEX,20150120,38.09,38.44,37.28,37.78,138849
ALEX,20150116,37.19,38.27,37.19,38.13,109998
ALEX,20150115,38.47,38.47,36.9532,37.20,132267
ALEX,20150114,37.50,38.36,37.50,38.28,94072
ALEX,20150113,38.17,38.68,37.3263,37.92,122172
ALEX,20150112,38.41,38.83,37.58,37.89,109563
ALEX,20150109,38.80,39.128,38.3003,38.52,111022
ALEX,20150108,38.23,38.71,38.23,38.62,140638
ALEX,20150107,38.68,38.68,37.92,38.23,113529
ALEX,20150106,39.70,39.87,38.31,38.36,150580
ALEX,20150105,39.45,39.85,39.195,39.61,152739
ALEX,20150102,39.42,39.96,39.25,39.80,111717
ALEX,20141231,40.10,40.22,39.22,39.25,124448
ALEX,20141230,39.96,40.505,39.78,40.12,100158
ALEX,20141229,39.92,40.488,39.549,40.08,124035
ALEX,20141226,40.19,40.37,39.94,40.01,65283
ALEX,20141224,39.87,40.10,39.58,40.09,119407
ALEX,20141223,40.16,40.45,39.37,39.71,142184
ALEX,20141222,40.38,40.49,39.87,40.03,238393
ALEX,20141219,38.35,40.70,37.97,40.46,501928
ALEX,20141218,37.94,38.52,37.51,38.42,209661
ALEX,20141217,36.11,37.52,35.90,37.46,255093
ALEX,20141216,36.15,36.50,36.07,36.09,248415
ALEX,20141215,36.24,36.71,36.01,36.20,218292
ALEX,20141212,36.11,36.6675,36.01,36.14,327886
ALEX,20141211,36.71,37.02,36.46,36.50,319106
ALEX,20141210,36.36,36.72,36.00,36.44,314047
ALEX,20141209,36.64,37.09,36.44,36.50,345816
ALEX,20141208,38.36,38.76,37.04,37.14,250711
ALEX,20141205,38.16,38.61,38.13,38.57,169052
ALEX,20141204,38.44,38.66,37.99,38.20,99517
ALEX,20141203,38.27,39.15,38.01,38.58,120111
ALEX,20141202,37.62,38.22,37.44,38.19,99605
ALEX,20141201,38.08,38.39,37.39,37.41,124703
ALEX,20141128,38.54,38.97,37.93,38.08,77511
ALEX,20141126,38.83,39.07,38.50,38.61,61010
ALEX,20141125,39.30,39.39,38.54,38.68,74474
ALEX,20141124,38.92,39.34,38.67,39.30,192498
ALEX,20141121,39.24,39.24,38.63,38.99,89006
ALEX,20141120,37.99,38.82,37.99,38.80,71730
ALEX,20141119,38.87,38.87,37.6701,38.29,110055
ALEX,20141118,39.03,39.70,38.91,39.08,137941
ALEX,20141117,39.36,39.57,38.89,38.98,68636
ALEX,20141114,39.57,39.93,39.15,39.47,97577
ALEX,20141113,39.95,40.02,39.46,39.63,103830
ALEX,20141112,40.01,40.19,39.70,40.00,123735
ALEX,20141111,40.08,40.31,39.97,40.11,116273
ALEX,20141110,40.25,40.63,40.13,40.45,112872
ALEX,20141107,40.46,40.69,39.89,40.15,139757
ALEX,20141106,39.76,40.99,39.595,40.75,227870
ALEX,20141105,39.47,39.66,38.85,39.34,135935
ALEX,20141104,38.94,39.47,38.73,39.09,119002
ALEX,20141103,40.02,40.37,38.71,38.97,183756
ALEX,20141031,39.98,40.05,39.25,40.03,166251
ALEX,20141030,38.62,39.965,38.15,39.20,108931
ALEX,20141029,39.75,39.94,38.18,38.68,145196
ALEX,20141028,38.40,39.67,38.19,39.65,150639
ALEX,20141027,37.43,38.24,37.20,38.19,89630
ALEX,20141024,38.22,38.40,37.26,37.70,100319
ALEX,20141023,36.70,38.40,36.47,38.10,493611
ALEX,20141022,37.14,37.45,36.31,36.35,110574
ALEX,20141021,36.04,37.12,36.04,37.09,90492
ALEX,20141020,35.18,35.97,35.18,35.96,107489
ALEX,20141017,36.04,36.28,35.37,35.41,187433
ALEX,20141016,34.38,35.77,33.98,35.55,241136
ALEX,20141015,35.10,35.35,34.29,34.74,347117
ALEX,20141014,35.42,36.039,35.02,35.17,257753
ALEX,20141013,35.40,35.84,34.93,35.00,197138
ALEX,20141010,35.39,36.01,35.10,35.39,212867
ALEX,20141009,35.90,36.14,35.56,35.59,213725
ALEX,20141008,35.08,36.07,34.82,36.01,237237
ALEX,20141007,35.02,35.35,34.71,34.96,174714
ALEX,20141006,35.88,36.0159,35.015,35.21,165750
ALEX,20141003,36.02,36.38,35.65,35.68,113301
ALEX,20141002,35.37,35.92,35.22,35.67,100184
ALEX,20141001,36.05,36.31,35.25,35.46,221148
ALEX,20140930,37.00,37.00,35.96,35.97,177785
ALEX,20140929,36.69,37.03,36.41,37.00,109059
ALEX,20140926,36.42,37.03,36.25,37.01,109088
ALEX,20140925,37.05,37.25,36.23,36.45,126111
ALEX,20140924,37.10,37.35,36.30,37.23,139091
ALEX,20140923,37.32,37.66,36.8181,36.96,157025
ALEX,20140922,37.92,38.00,37.36,37.47,160658
ALEX,20140919,38.98,39.33,38.03,38.19,444404
ALEX,20140918,39.76,39.84,38.73,38.91,93538
ALEX,20140917,39.83,40.49,39.52,39.57,129541
ALEX,20140916,39.66,40.45,39.53,39.86,138383
ALEX,20140915,39.97,40.24,39.53,39.72,170647
ALEX,20140912,40.56,40.72,39.73,40.00,135971
ALEX,20140911,40.26,40.72,39.98,40.47,72646
ALEX,20140910,40.37,40.97,40.00,40.40,89782
ALEX,20140909,40.50,40.69,39.91,40.46,98867
ALEX,20140908,40.69,40.93,40.26,40.58,114120
ALEX,20140905,40.27,40.84,40.10,40.78,69075
ALEX,20140904,40.73,41.26,40.17,40.42,101203
ALEX,20140903,41.60,41.60,40.67,40.73,107652
ALEX,20140902,41.13,41.795,40.89,41.60,174824
ALEX,20140829,40.48,41.032,40.34,40.90,96575
ALEX,20140828,40.63,40.74,40.47,40.50,58043
ALEX,20140827,41.00,41.12,40.645,40.68,107450
ALEX,20140826,40.90,41.22,40.6801,41.00,112398
ALEX,20140825,41.01,41.30,40.71,40.91,79135
ALEX,20140822,40.48,41.19,40.48,40.90,116644
ALEX,20140821,40.11,40.63,39.86,40.51,84679
ALEX,20140820,40.48,40.48,39.90,40.25,59479
ALEX,20140819,41.07,41.31,40.58,40.67,65180
ALEX,20140818,40.52,41.14,40.29,41.06,99536
ALEX,20140815,40.80,40.80,39.744,40.16,197489
ALEX,20140814,39.67,40.50,39.67,40.46,90976
ALEX,20140813,39.23,39.80,39.23,39.65,204429
ALEX,20140812,39.27,39.54,38.98,39.18,118545
ALEX,20140811,39.43,39.85,39.26,39.48,176003
ALEX,20140808,39.20,39.49,38.48,39.28,217802
ALEX,20140807,39.67,40.18,39.17,39.24,288343
ALEX,20140806,38.60,39.71,38.60,39.69,171279
ALEX,20140805,38.49,39.02,38.31,38.91,103100
ALEX,20140804,38.02,38.68,37.675,38.64,129471
ALEX,20140801,38.20,38.41,37.57,37.99,231752
ALEX,20140731,38.53,38.89,37.91,38.17,170697
ALEX,20140730,38.93,39.10,38.63,38.83,116072
ALEX,20140729,38.82,39.07,38.51,38.62,137249
ALEX,20140728,38.81,39.02,38.34,38.75,157062
ALEX,20140725,38.71,39.05,38.4425,38.72,112739
ALEX,20140724,39.49,39.68,38.92,39.04,84336
ALEX,20140723,39.03,39.63,38.99,39.48,99943
ALEX,20140722,39.39,39.53,38.93,39.06,98828
ALEX,20140721,39.81,39.93,39.01,39.16,104756
ALEX,20140718,39.58,40.3175,39.47,40.15,121188
ALEX,20140717,39.70,40.25,39.43,39.68,246820
ALEX,20140716,40.76,40.76,39.80,40.00,218260
ALEX,20140715,41.58,41.83,40.47,40.50,157369
ALEX,20140714,41.62,41.65,41.13,41.61,98689
ALEX,20140711,41.72,42.00,40.94,41.27,99364
ALEX,20140710,41.42,42.38,41.16,41.78,103742
ALEX,20140709,40.16,42.07,39.96,42.00,196206
ALEX,20140708,39.37,39.51,38.66,39.30,181465
ALEX,20140707,40.75,40.75,39.41,39.46,119370
ALEX,20140703,41.23,41.23,40.67,40.80,75437
ALEX,20140702,41.63,42.03,40.99,41.17,170927
ALEX,20140701,41.51,42.16,41.45,41.73,345566
ALEX,20140630,40.19,41.50,40.14,41.45,229963
ALEX,20140627,40.25,40.76,40.00,40.31,474662
ALEX,20140626,40.70,40.70,40.2101,40.48,86444
ALEX,20140625,40.27,41.02,40.27,40.69,142704
ALEX,20140624,41.19,41.55,40.53,40.55,111285
ALEX,20140623,41.39,41.53,41.12,41.40,124193
ALEX,20140620,41.11,41.59,40.4925,41.49,309103
ALEX,20140619,40.91,41.02,40.61,40.99,90964
ALEX,20140618,41.14,41.28,40.24,40.98,146963
ALEX,20140617,40.50,41.385,40.37,41.15,184850
ALEX,20140616,40.25,40.59,39.831,40.55,98765
ALEX,20140613,40.29,40.57,39.8024,40.44,81780
ALEX,20140612,40.59,40.64,40.12,40.28,95383
ALEX,20140611,41.44,41.55,40.50,40.79,199596
ALEX,20140610,43.17,43.19,41.09,41.45,183617
ALEX,20140609,40.30,42.25,39.97,41.91,297511
ALEX,20140606,40.26,40.67,39.83,40.48,116295
ALEX,20140605,39.20,40.07,38.79,40.04,98276
ALEX,20140604,39.36,39.61,38.83,39.15,125810
ALEX,20140603,37.87,39.74,37.73,39.54,182056
ALEX,20140602,38.10,38.10,37.21,37.65,154697
ALEX,20140530,38.80,38.80,37.82,37.90,119373
ALEX,20140529,39.24,39.50,38.60,38.69,76065
ALEX,20140528,39.17,39.40,38.97,39.29,91723
ALEX,20140527,38.81,39.43,38.76,39.35,107145
ALEX,20140523,37.90,38.57,37.88,38.50,103460
ALEX,20140522,37.23,38.08,36.98,38.01,145210
ALEX,20140521,36.99,37.21,36.80,36.91,187683
ALEX,20140520,37.15,37.45,36.65,36.77,219911
ALEX,20140519,37.53,37.64,37.03,37.27,319220
ALEX,20140516,37.25,37.97,37.22,37.47,244444
ALEX,20140515,37.99,37.99,37.14,37.35,165196
ALEX,20140514,38.88,39.21,38.15,38.17,268631
ALEX,20140513,39.86,39.95,38.97,39.02,171055
ALEX,20140512,38.31,40.05,38.31,39.99,221263
ALEX,20140509,38.13,38.40,37.60,37.99,274775
ALEX,20140508,37.93,38.4623,37.66,38.30,285305
ALEX,20140507,37.45,37.86,36.93,37.84,326840
ALEX,20140506,38.21,38.21,37.10,37.52,165699
ALEX,20140505,38.02,38.58,36.85,38.41,192355
ALEX,20140502,37.47,38.88,37.31,38.35,196147
ALEX,20140501,37.38,37.43,36.61,37.37,257335
ALEX,20140430,37.37,37.63,37.11,37.31,226623
ALEX,20140429,37.80,37.98,37.26,37.52,166279
ALEX,20140428,38.42,38.67,37.16,37.50,123032
ALEX,20140425,38.86,38.97,38.225,38.41,152879
ALEX,20140424,39.00,39.07,38.32,38.94,104613
ALEX,20140423,39.51,39.62,38.63,38.67,105835
ALEX,20140422,39.03,39.69,38.82,39.51,114825
ALEX,20140421,39.02,39.07,38.50,38.98,90630
ALEX,20140417,38.70,39.35,38.155,39.01,139069
ALEX,20140416,38.82,39.05,38.31,38.79,130657
ALEX,20140415,39.81,40.25,38.62,38.68,193807
ALEX,20140414,40.43,40.43,39.04,39.65,191819
ALEX,20140411,39.89,40.50,39.856,40.00,151764
ALEX,20140410,41.27,41.36,39.914,40.26,202551
ALEX,20140409,40.90,41.21,40.76,41.17,93076
ALEX,20140408,40.16,41.02,39.97,40.90,118786
ALEX,20140407,40.38,40.73,39.98,40.18,248771
ALEX,20140404,41.15,41.15,39.87,40.41,225671
ALEX,20140403,41.75,41.75,40.74,40.80,171899
ALEX,20140402,42.13,42.14,41.33,41.69,156417
ALEX,20140401,42.44,42.95,41.98,42.13,196532
ALEX,20140331,42.05,42.99,41.73,42.56,209636
ALEX,20140328,42.27,42.91,41.85,41.92,129506
ALEX,20140327,42.17,42.86,42.01,42.32,140109
ALEX,20140326,43.66,43.66,42.17,42.28,197828
ALEX,20140325,44.92,45.162,43.33,43.48,136841
ALEX,20140324,44.38,44.66,43.82,44.56,159445
ALEX,20140321,44.25,44.98,44.03,44.24,415058
ALEX,20140320,43.83,44.63,43.83,44.12,156410
ALEX,20140319,43.81,44.28,43.73,44.03,130236
ALEX,20140318,42.75,43.92,42.67,43.90,149901
ALEX,20140317,43.08,43.78,42.80,42.88,113125
ALEX,20140314,42.04,42.90,41.86,42.80,97799
ALEX,20140313,42.17,42.72,41.89,42.19,235823
ALEX,20140312,41.50,42.22,41.06,42.19,126935
ALEX,20140311,41.24,42.01,41.04,41.64,190657
ALEX,20140310,41.05,41.65,41.02,41.30,113461
ALEX,20140307,41.23,41.46,40.61,41.25,134769
ALEX,20140306,41.98,42.09,40.70,40.92,146763
ALEX,20140305,42.11,42.35,41.44,41.85,106651
ALEX,20140304,41.40,42.75,41.29,42.24,241969
ALEX,20140303,41.39,41.91,40.69,40.85,124807
ALEX,20140228,41.08,42.00,40.62,41.62,147979
ALEX,20140227,40.74,41.165,40.4691,40.96,133713
ALEX,20140226,40.96,41.72,40.70,40.76,191933
ALEX,20140225,41.66,41.82,40.60,40.77,204991
ALEX,20140224,41.77,42.55,41.71,41.81,181296
ALEX,20140221,39.50,42.45,39.27,41.82,253311
ALEX,20140220,38.34,38.81,38.09,38.58,124187
ALEX,20140219,38.66,39.16,38.33,38.38,112110
ALEX,20140218,38.30,38.90,38.15,38.87,92224
ALEX,20140214,38.65,38.74,38.15,38.17,73477
ALEX,20140213,38.31,39.06,38.28,38.65,134743
ALEX,20140212,38.04,38.85,37.77,38.53,209315
ALEX,20140211,37.67,38.20,37.67,37.90,226444
ALEX,20140210,37.58,37.76,36.98,37.66,148070
ALEX,20140207,37.56,38.06,37.524,37.70,129849
ALEX,20140206,37.38,37.74,37.19,37.47,124772
ALEX,20140205,37.54,37.87,37.05,37.30,223712
ALEX,20140204,37.84,37.97,37.37,37.65,181877
ALEX,20140203,38.90,39.03,37.00,37.74,382967
ALEX,20140131,38.54,39.54,38.51,39.11,185199
ALEX,20140130,40.06,40.132,39.23,39.25,153648
ALEX,20140129,40.00,40.19,39.58,39.66,147734
ALEX,20140128,40.24,40.46,39.92,40.20,110562
ALEX,20140127,40.87,40.95,39.98,40.09,171126
ALEX,20140124,40.90,41.06,40.57,40.82,299353
ALEX,20140123,40.95,41.52,40.56,41.30,217586
ALEX,20140122,41.05,41.60,40.94,41.26,136558
ALEX,20140121,41.56,41.74,40.65,40.95,124344
ALEX,20140117,41.68,41.90,40.73,41.29,119018
ALEX,20140116,41.64,42.23,41.50,41.80,319832
ALEX,20140115,41.51,42.02,41.50,41.74,212764
ALEX,20140114,41.62,42.01,41.15,41.76,149479
ALEX,20140113,42.28,42.68,40.972,41.34,223157
ALEX,20140110,42.90,42.96,42.18,42.45,312170
ALEX,20140109,42.28,42.88,42.15,42.86,264106
ALEX,20140108,42.04,42.44,41.68,42.15,289176
ALEX,20140107,42.30,42.56,42.11,42.15,306994
ALEX,20140106,42.47,42.47,41.87,42.26,359213
ALEX,20140103,41.53,42.38,41.42,42.14,159329
ALEX,20140102,41.48,41.71,41.25,41.51,317079
ALEX,20131231,41.07,41.97,41.07,41.73,318288
ALEX,20131230,40.95,41.37,40.72,41.07,313528
ALEX,20131227,40.42,41.39,40.16,40.99,142123
ALEX,20131226,41.15,41.1973,40.15,40.47,70004
ALEX,20131224,40.00,41.049,39.62,40.86,85509
ALEX,20131223,40.20,40.59,39.82,40.01,180631
ALEX,20131220,38.89,40.12,38.89,40.11,868763
ALEX,20131219,40.50,40.50,38.80,38.97,208317
ALEX,20131218,39.50,40.63,38.88,40.58,257932
ALEX,20131217,39.90,40.00,39.11,39.40,220306
ALEX,20131216,38.08,40.04,37.84,39.99,265912
ALEX,20131213,37.97,38.23,37.535,37.87,140843
ALEX,20131212,37.99,38.55,37.66,37.87,137320
ALEX,20131211,38.45,38.45,37.6801,37.99,192086
ALEX,20131210,38.84,39.362,38.12,38.50,188196
ALEX,20131209,39.00,39.38,38.50,39.01,165086
ALEX,20131206,38.10,39.20,38.10,38.94,141288
ALEX,20131205,37.80,37.87,37.50,37.67,135062
ALEX,20131204,37.54,38.30,37.54,37.80,136610
ALEX,20131203,37.50,37.99,37.38,37.81,143928
ALEX,20131202,37.77,38.11,37.46,37.64,87619
ALEX,20131129,38.26,38.26,37.75,37.79,49017
ALEX,20131127,37.64,38.21,37.50,38.05,96379
ALEX,20131126,37.45,37.71,37.16,37.67,110768
ALEX,20131125,37.51,37.91,37.40,37.53,146764
ALEX,20131122,37.80,37.83,37.48,37.52,137322
ALEX,20131121,37.75,37.845,37.04,37.72,362732
ALEX,20131120,37.35,38.18,36.87,37.81,309436
ALEX,20131119,36.42,37.48,36.26,37.31,282893
ALEX,20131118,36.56,36.85,36.16,36.42,107353
ALEX,20131115,36.36,36.59,35.97,36.53,151780
ALEX,20131114,36.28,36.69,35.93,36.43,110956
ALEX,20131113,36.00,36.57,35.79,36.31,117289
ALEX,20131112,36.12,36.42,35.72,36.09,161651
ALEX,20131111,36.40,36.48,36.01,36.01,160520
ALEX,20131108,36.24,36.67,35.90,36.48,220514
ALEX,20131107,36.92,36.92,35.85,36.05,204082
ALEX,20131106,36.96,36.96,35.92,36.58,133693
ALEX,20131105,37.55,37.96,36.745,36.80,86953
ALEX,20131104,37.43,38.04,36.99,37.87,210043
ALEX,20131101,36.76,37.30,35.71,37.25,235110
ALEX,20131031,37.68,37.85,36.94,37.00,218036
ALEX,20131030,38.42,38.55,37.61,37.81,169277
ALEX,20131029,38.70,38.73,37.085,38.27,220282
ALEX,20131028,38.92,39.55,38.60,38.98,202137
ALEX,20131025,39.59,39.62,38.41,38.81,138738
ALEX,20131024,39.35,39.67,39.04,39.40,99868
ALEX,20131023,39.75,39.8499,39.06,39.24,109295
ALEX,20131022,39.72,40.1375,39.41,40.04,120136
ALEX,20131021,40.60,40.60,39.38,39.50,106889
ALEX,20131018,41.22,41.22,40.26,40.44,138546
ALEX,20131017,39.03,40.97,39.03,40.81,174024
ALEX,20131016,39.18,39.535,38.66,39.14,141066
ALEX,20131015,39.23,39.66,38.78,39.01,168279
ALEX,20131014,39.32,39.46,38.665,39.44,183469
ALEX,20131011,38.55,39.67,38.38,39.65,140420
ALEX,20131010,38.44,39.18,38.13,38.78,172122
ALEX,20131009,37.88,38.47,37.68,38.04,192078
ALEX,20131008,37.87,38.02,37.71,37.87,202704
ALEX,20131007,37.46,38.07,37.37,37.87,219501
ALEX,20131004,37.26,38.04,37.1101,37.95,122229
ALEX,20131003,37.47,37.64,36.59,37.34,163857
ALEX,20131002,37.49,37.74,36.94,37.61,146166
ALEX,20131001,36.27,37.85,36.17,37.76,298949
ALEX,20130930,35.32,36.20,35.11,36.02,310857
ALEX,20130927,36.06,36.43,35.52,35.72,182869
ALEX,20130926,36.71,37.05,36.23,36.43,268566
ALEX,20130925,36.70,37.00,36.322,36.53,91711
ALEX,20130924,37.16,37.22,36.63,36.75,97151
ALEX,20130923,37.55,37.55,36.54,37.01,88886
ALEX,20130920,38.61,38.61,37.50,37.54,200657
ALEX,20130919,39.29,39.49,37.99,38.58,81945
ALEX,20130918,38.22,39.33,36.97,39.26,151212
ALEX,20130917,37.56,38.39,37.34,38.32,100144
ALEX,20130916,38.21,38.23,37.25,37.43,126343
ALEX,20130913,37.96,38.26,37.54,37.68,90424
ALEX,20130912,37.22,37.88,37.12,37.81,136493
ALEX,20130911,36.57,37.92,36.57,37.29,163207
ALEX,20130910,36.12,36.53,35.7118,36.51,83164
ALEX,20130909,35.20,36.00,35.20,35.99,106313
ALEX,20130906,35.30,35.64,34.38,35.16,130791
ALEX,20130905,35.53,35.53,34.71,34.85,98856
ALEX,20130904,34.70,35.76,34.42,35.60,128699
ALEX,20130903,36.55,36.55,34.32,34.59,300185
ALEX,20130830,37.14,37.39,35.66,35.97,220535
ALEX,20130829,37.35,37.50,36.95,37.27,97452
ALEX,20130828,37.14,37.85,37.09,37.37,103855
ALEX,20130827,38.21,38.42,37.02,37.07,132247
ALEX,20130826,38.79,38.83,38.17,38.62,129704
ALEX,20130823,38.79,38.97,38.24,38.83,93941
ALEX,20130822,38.63,38.85,37.91,38.62,132220
ALEX,20130821,38.68,39.30,38.11,38.63,104843
ALEX,20130820,37.88,38.98,37.88,38.96,143645
ALEX,20130819,38.02,38.28,37.79,37.80,127586
ALEX,20130816,38.00,38.25,37.75,38.00,197677
ALEX,20130815,37.93,38.32,37.81,38.07,270485
ALEX,20130814,39.99,39.99,38.03,38.33,236040
ALEX,20130813,41.44,41.44,39.86,39.98,121160
ALEX,20130812,41.51,41.80,41.19,41.29,181070
ALEX,20130809,42.55,43.49,41.77,41.96,134058
ALEX,20130808,42.95,43.21,42.45,42.73,183185
ALEX,20130807,43.17,43.85,42.495,42.59,171083
ALEX,20130806,44.27,44.30,43.30,43.42,126057
ALEX,20130805,44.04,45.10,43.86,44.52,115696
ALEX,20130802,45.11,45.43,44.00,44.23,155289
ALEX,20130801,44.69,46.12,44.10,45.27,320742
ALEX,20130731,44.19,45.70,43.63,44.27,187100
ALEX,20130730,43.59,44.51,43.35,44.19,307739
ALEX,20130729,43.48,43.7799,42.88,43.30,80468
ALEX,20130726,43.66,43.74,42.58,43.48,164305
ALEX,20130725,43.86,44.261,43.46,43.98,125525
ALEX,20130724,45.28,45.478,43.63,43.87,150050
ALEX,20130723,45.39,45.42,44.96,45.21,91414
ALEX,20130722,45.42,45.63,45.205,45.35,106140
ALEX,20130719,45.76,45.76,45.181,45.51,184522
ALEX,20130718,44.05,46.23,44.00,45.92,439108
ALEX,20130717,43.50,43.85,43.31,43.76,128429
ALEX,20130716,42.46,43.49,42.20,43.33,172499
ALEX,20130715,42.45,43.19,42.19,42.50,181906
ALEX,20130712,41.51,42.58,41.40,42.36,267685
ALEX,20130711,41.17,41.71,40.81,41.60,222886
ALEX,20130710,40.69,40.94,40.41,40.59,185284
ALEX,20130709,40.58,41.15,40.27,40.69,259221
ALEX,20130708,41.05,41.25,40.40,40.43,160121
ALEX,20130705,40.90,41.01,39.895,40.98,157782
ALEX,20130703,39.88,40.15,39.39,40.09,105625
ALEX,20130702,40.30,40.67,39.96,40.00,235230
ALEX,20130701,39.70,40.70,39.20,40.30,400049
ALEX,20130628,39.84,40.21,37.45,39.75,2392477
ALEX,20130627,40.02,40.27,39.52,39.99,225764
ALEX,20130626,40.22,40.32,39.59,39.99,199053
ALEX,20130625,40.16,40.36,39.34,40.03,240702
ALEX,20130624,39.53,40.76,39.015,39.92,237771
ALEX,20130621,39.78,40.19,39.21,39.84,208552
ALEX,20130620,38.90,39.83,38.471,39.61,223336
ALEX,20130619,40.74,40.9425,39.20,39.20,253656
ALEX,20130618,39.03,40.95,39.03,40.87,147584
ALEX,20130617,37.26,38.89,37.26,38.83,208653
ALEX,20130614,37.13,37.255,36.58,36.93,124055
ALEX,20130613,35.12,37.46,34.995,37.41,161357
ALEX,20130612,35.28,35.48,34.86,35.07,88405
ALEX,20130611,35.59,35.59,34.86,35.13,124958
ALEX,20130610,35.75,36.0099,35.34,35.99,96673
ALEX,20130607,37.04,37.45,35.41,35.53,154876
ALEX,20130606,35.83,37.07,35.82,36.98,118817
ALEX,20130605,36.05,36.1599,35.75,35.90,83962
ALEX,20130604,35.75,36.45,35.68,36.05,140397
ALEX,20130603,35.37,35.88,35.00,35.77,156941
ALEX,20130531,35.04,35.84,35.04,35.29,132100
ALEX,20130530,34.96,35.44,34.96,35.29,68742
ALEX,20130529,34.79,35.24,34.52,34.85,79486
ALEX,20130528,35.82,35.97,34.69,35.06,94447
ALEX,20130524,35.45,35.60,35.085,35.47,51585
ALEX,20130523,36.16,36.45,35.12,35.53,193960
ALEX,20130522,36.07,36.76,35.80,36.35,299328
ALEX,20130521,35.86,36.20,35.54,36.13,127855
ALEX,20130520,35.23,35.74,35.16,35.74,148663
ALEX,20130517,35.00,35.36,34.58,35.30,54739
ALEX,20130516,33.85,34.86,33.85,34.78,115083
ALEX,20130515,33.46,34.15,33.39,33.93,143078
ALEX,20130514,33.22,33.68,33.09,33.57,129767
ALEX,20130513,33.75,33.75,33.01,33.15,90432
ALEX,20130510,34.20,34.20,33.39,33.72,68828
ALEX,20130509,34.00,34.31,33.71,34.01,125323
ALEX,20130508,33.54,33.55,32.55,33.31,96848
ALEX,20130507,33.35,33.5999,33.273,33.48,72504
ALEX,20130506,33.22,33.48,33.03,33.28,58218
ALEX,20130503,33.17,33.538,32.925,33.29,145560
ALEX,20130502,33.12,33.12,32.715,32.89,68650
ALEX,20130501,33.90,34.19,32.94,33.06,68640
ALEX,20130430,33.81,34.21,33.70,34.06,148966
ALEX,20130429,33.82,33.99,33.69,33.81,53981
ALEX,20130426,33.77,33.90,33.39,33.61,71025
ALEX,20130425,33.34,34.00,33.07,33.75,88581
ALEX,20130424,33.64,33.64,33.02,33.17,95307
ALEX,20130423,33.65,33.98,33.24,33.54,107226
ALEX,20130422,33.65,33.755,33.29,33.41,78100
ALEX,20130419,33.78,33.87,33.47,33.68,231771
ALEX,20130418,33.77,33.97,33.25,33.58,133389
ALEX,20130417,33.98,34.29,33.22,33.54,435093
ALEX,20130416,34.24,34.68,33.94,34.21,108703
ALEX,20130415,35.62,35.66,33.82,33.97,189192
ALEX,20130412,35.13,35.758,35.07,35.70,70798
ALEX,20130411,35.01,35.66,34.81,35.24,67298
ALEX,20130410,34.49,35.54,34.49,34.99,71411
ALEX,20130409,34.57,34.74,34.11,34.42,72828
ALEX,20130408,34.13,34.61,33.89,34.48,70571
ALEX,20130405,33.88,34.40,33.55,34.28,104835
ALEX,20130404,33.83,34.22,33.7038,34.20,70916
ALEX,20130403,34.66,34.90,33.50,33.80,177201
ALEX,20130402,35.55,35.79,34.36,34.54,128675
ALEX,20130401,35.76,35.78,35.05,35.38,92289
ALEX,20130328,35.50,35.79,35.34,35.75,81758
ALEX,20130327,35.26,35.61,35.12,35.53,87923
ALEX,20130326,35.41,35.5469,35.23,35.47,43712
ALEX,20130325,35.57,35.57,35.04,35.38,77799
ALEX,20130322,35.57,35.66,35.04,35.55,151585
ALEX,20130321,35.63,35.91,35.46,35.50,141214
ALEX,20130320,35.72,35.83,35.35,35.83,242457
ALEX,20130319,35.47,35.86,35.3901,35.61,113203
ALEX,20130318,35.71,35.80,35.18,35.51,199117
ALEX,20130315,36.00,36.15,35.6601,35.80,282586
ALEX,20130314,35.63,36.20,35.51,36.14,107312
ALEX,20130313,35.61,35.78,35.45,35.56,124216
ALEX,20130312,35.50,35.64,35.40,35.49,165802
ALEX,20130311,35.81,35.81,35.42,35.50,174555
ALEX,20130308,36.36,36.36,34.8735,35.69,321664
ALEX,20130307,36.18,36.58,35.99,36.52,137717
ALEX,20130306,36.69,36.73,35.94,36.22,289213
ALEX,20130305,36.39,36.86,36.29,36.52,236385
ALEX,20130304,35.40,36.23,35.40,36.15,373687
ALEX,20130301,35.09,35.89,34.75,35.46,560416
ALEX,20130228,35.50,35.96,35.21,35.23,128319
ALEX,20130227,35.19,35.69,35.05,35.60,155626
ALEX,20130226,34.79,35.21,34.67,35.21,132028
ALEX,20130225,35.27,35.29,34.63,34.71,164637
ALEX,20130222,34.75,35.24,34.65,35.22,162634
ALEX,20130221,35.08,35.24,33.77,34.59,275085
ALEX,20130220,35.50,36.23,35.05,35.32,333568
ALEX,20130219,35.08,35.30,34.61,35.20,334170
ALEX,20130215,35.15,35.29,34.92,35.12,280974
ALEX,20130214,35.17,35.41,34.93,35.14,107058
ALEX,20130213,35.01,35.25,34.9105,35.25,127406
ALEX,20130212,34.60,35.0932,34.46,35.01,74370
ALEX,20130211,35.15,35.15,34.48,34.55,81731
ALEX,20130208,35.05,35.37,35.00,35.22,1926155
ALEX,20130207,35.35,35.65,34.72,34.98,161607
ALEX,20130206,34.45,35.44,34.41,35.41,235761
ALEX,20130205,33.77,34.74,33.77,34.64,154300
ALEX,20130204,33.57,34.00,33.45,33.75,170120
ALEX,20130201,33.89,33.89,33.3234,33.68,116066
ALEX,20130131,33.25,33.70,33.01,33.60,127556
ALEX,20130130,33.51,33.51,32.88,33.25,160364
ALEX,20130129,33.27,33.40,33.15,33.39,147589
ALEX,20130128,33.34,33.50,33.0907,33.16,206641
ALEX,20130125,32.36,33.31,32.26,33.30,225300
ALEX,20130124,32.06,32.4893,31.74,32.36,226258
ALEX,20130123,32.00,32.28,31.78,32.06,130142
ALEX,20130122,31.03,32.02,31.02,32.00,173270
ALEX,20130118,30.79,31.07,30.69,31.05,117365
ALEX,20130117,30.48,30.91,30.27,30.81,177044
ALEX,20130116,30.08,30.54,29.90,30.32,88011
ALEX,20130115,29.81,30.31,29.64,30.14,133225
ALEX,20130114,29.72,30.16,29.62,29.93,175070
ALEX,20130111,29.56,29.83,29.36,29.80,173420
ALEX,20130110,29.94,30.05,29.58,29.72,142655
ALEX,20130109,29.86,29.98,29.70,29.79,189429
ALEX,20130108,29.21,29.89,28.97,29.81,152694
ALEX,20130107,29.33,29.6796,28.82,29.21,209517
ALEX,20130104,29.47,29.86,29.06,29.54,313334
ALEX,20130103,29.75,29.94,29.30,29.45,189895
ALEX,20130102,29.81,29.88,29.13,29.86,292099
ALEX,20121231,28.51,29.48,28.40,29.37,101354
ALEX,20121228,28.68,29.00,28.40,28.60,194878
ALEX,20121227,28.52,28.95,27.99,28.85,217477
ALEX,20121226,28.77,28.77,28.37,28.41,80588
ALEX,20121224,28.30,28.72,28.02,28.65,57208
ALEX,20121221,28.32,28.86,28.30,28.62,728715
ALEX,20121220,28.18,28.89,28.1218,28.60,422051
ALEX,20121219,28.42,28.42,28.1052,28.18,72045
ALEX,20121218,28.62,28.845,28.25,28.50,167841
ALEX,20121217,28.41,28.62,28.37,28.62,53208
ALEX,20121214,28.42,28.71,27.94,28.45,86542
ALEX,20121213,28.94,28.96,28.33,28.58,228176
ALEX,20121212,29.00,29.16,28.68,28.99,71596
ALEX,20121211,29.20,29.46,28.831,29.18,96693
ALEX,20121210,28.80,29.20,28.76,29.15,107606
ALEX,20121207,29.02,29.21,28.49,28.81,62288
ALEX,20121206,28.94,29.31,28.70,28.98,108405
ALEX,20121205,29.38,29.49,28.8301,28.92,106555
ALEX,20121204,28.97,29.49,28.67,29.32,75127
ALEX,20121203,29.69,29.69,28.63,28.97,130709
ALEX,20121130,29.81,29.99,29.33,29.86,204529
ALEX,20121129,29.50,29.87,29.03,29.68,110334
ALEX,20121128,29.23,29.46,29.04,29.34,91545
ALEX,20121127,29.46,29.78,29.31,29.37,127542
ALEX,20121126,29.00,29.86,28.96,29.41,196149
ALEX,20121123,28.66,29.09,28.56,29.07,24068
ALEX,20121121,28.49,29.00,28.26,28.60,84103
ALEX,20121120,27.82,28.43,27.40,28.41,56980
ALEX,20121119,27.71,28.12,27.56,27.90,102557
ALEX,20121116,27.43,27.61,27.11,27.41,94678
ALEX,20121115,27.38,28.00,27.17,27.36,128544
ALEX,20121114,28.46,28.54,27.37,27.38,215041
ALEX,20121113,28.57,29.21,28.50,28.78,110101
ALEX,20121112,29.43,29.43,28.70,28.70,61112
ALEX,20121109,29.19,29.86,29.184,29.33,148640
ALEX,20121108,29.41,29.73,29.01,29.19,120798
ALEX,20121107,29.40,29.62,29.2701,29.42,171900
ALEX,20121106,29.26,29.84,29.26,29.68,127767
ALEX,20121105,29.38,29.66,29.30,29.35,182643
ALEX,20121102,30.07,30.40,29.51,29.54,225449
ALEX,20121101,28.88,30.26,28.79,29.89,259141
ALEX,20121031,28.41,28.97,27.89,28.93,175469
ALEX,20121026,27.36,28.32,27.36,28.28,128473
ALEX,20121025,27.10,27.27,26.79,27.24,81416
