<Ticker>,<DTYYYYMMDD>,<Open>,High,<Low>,<Close>,<Volume>
TRKCM.IS,20180518,4.21,4.23,4.16,4.18,1263993.0
TRKCM.IS,20180517,4.25,4.27,4.16,4.2,2007105.0
TRKCM.IS,20180516,4.35,4.35,4.2,4.22,2665831.0
TRKCM.IS,20180515,4.42,4.47,4.28,4.33,3061626.0
TRKCM.IS,20180514,4.46,4.51,4.43,4.46,791396.0
TRKCM.IS,20180511,4.45,4.52,4.44,4.46,1439419.0
TRKCM.IS,20180510,4.45,4.49,4.4,4.47,2374990.0
TRKCM.IS,20180509,4.43,4.5,4.37,4.43,2981870.0
TRKCM.IS,20180508,4.47,4.51,4.42,4.49,2371935.0
TRKCM.IS,20180507,4.54,4.57,4.42,4.46,1959227.0
TRKCM.IS,20180504,4.6,4.64,4.52,4.56,2184144.0
TRKCM.IS,20180503,4.63,4.73,4.59,4.62,1807761.0
TRKCM.IS,20180502,4.71,4.74,4.53,4.63,2737127.0
TRKCM.IS,20180501,4.65,4.65,4.65,4.65,0.0
TRKCM.IS,20180430,4.87,4.89,4.62,4.65,1965236.0
TRKCM.IS,20180427,4.93,4.97,4.82,4.86,1822808.0
TRKCM.IS,20180426,4.93,4.95,4.81,4.87,1612040.0
TRKCM.IS,20180425,4.98,4.98,4.86,4.9,1775337.0
TRKCM.IS,20180424,4.96,4.99,4.86,4.95,1047946.0
TRKCM.IS,20180423,4.97,4.97,4.97,4.97,0.0
TRKCM.IS,20180420,5.0,5.0,4.94,4.97,1328625.0
TRKCM.IS,20180419,4.95,5.01,4.94,5.0,1937490.0
TRKCM.IS,20180418,4.84,4.96,4.79,4.95,2706109.0
TRKCM.IS,20180417,4.99,5.01,4.8,4.84,2325310.0
TRKCM.IS,20180416,4.95,5.05,4.94,4.99,1534477.0
TRKCM.IS,20180413,5.02,5.02,4.91,4.96,1471135.0
TRKCM.IS,20180412,5.06,5.09,4.97,4.98,2113865.0
TRKCM.IS,20180411,5.16,5.16,4.75,5.04,3215317.0
TRKCM.IS,20180410,5.16,5.18,5.0,5.15,2554112.0
TRKCM.IS,20180409,5.14,5.16,5.11,5.13,1652661.0
TRKCM.IS,20180406,5.1,5.14,5.07,5.11,1465385.0
TRKCM.IS,20180405,5.08,5.13,5.07,5.1,1081889.0
TRKCM.IS,20180404,5.02,5.08,4.98,5.08,2490886.0
TRKCM.IS,20180403,5.08,5.11,5.0,5.01,1876828.0
TRKCM.IS,20180402,5.14,5.14,5.04,5.09,832699.0
TRKCM.IS,20180330,5.16,5.19,5.05,5.1,1197188.0
TRKCM.IS,20180329,5.04,5.17,5.0,5.13,4179209.0
TRKCM.IS,20180328,5.04,5.07,5.0,5.05,2498048.0
TRKCM.IS,20180327,4.94,5.07,4.93,5.01,4945402.0
TRKCM.IS,20180326,4.93,5.02,4.88,4.93,3313621.0
TRKCM.IS,20180323,4.88,4.93,4.82,4.93,1966691.0
TRKCM.IS,20180322,4.95,4.97,4.9,4.92,1814498.0
TRKCM.IS,20180321,4.87,4.95,4.87,4.94,1995099.0
TRKCM.IS,20180320,4.84,4.89,4.81,4.87,879350.0
TRKCM.IS,20180319,4.87,4.88,4.8,4.83,1558602.0
TRKCM.IS,20180316,4.95,4.97,4.87,4.88,1458281.0
TRKCM.IS,20180315,4.87,4.98,4.85,4.93,4194703.0
TRKCM.IS,20180314,4.86,4.93,4.85,4.88,2323702.0
TRKCM.IS,20180313,4.8,4.87,4.72,4.85,4184793.0
TRKCM.IS,20180312,4.82,4.82,4.78,4.8,3399206.0
TRKCM.IS,20180309,4.71,4.79,4.68,4.78,3341453.0
TRKCM.IS,20180308,4.67,4.71,4.66,4.68,1310097.0
TRKCM.IS,20180307,4.71,4.72,4.66,4.67,1734314.0
TRKCM.IS,20180306,4.78,4.83,4.69,4.73,3499744.0
TRKCM.IS,20180305,4.78,4.84,4.77,4.77,2076662.0
TRKCM.IS,20180302,4.79,4.9,4.75,4.78,4047815.0
TRKCM.IS,20180301,4.85,4.95,4.76,4.78,6043663.0
TRKCM.IS,20180228,4.7,4.86,4.66,4.84,5194705.0
TRKCM.IS,20180227,4.7,4.72,4.6,4.68,2971459.0
TRKCM.IS,20180226,4.65,4.69,4.64,4.68,975328.0
TRKCM.IS,20180223,4.63,4.68,4.61,4.61,1606051.0
TRKCM.IS,20180222,4.64,4.69,4.55,4.61,1866874.0
TRKCM.IS,20180221,4.61,4.68,4.61,4.64,1019418.0
TRKCM.IS,20180220,4.7,4.74,4.55,4.55,1865745.0
TRKCM.IS,20180219,4.59,4.67,4.59,4.64,1085774.0
TRKCM.IS,20180216,4.57,4.64,4.56,4.57,1567837.0
TRKCM.IS,20180215,4.57,4.61,4.54,4.55,2659123.0
TRKCM.IS,20180214,4.69,4.71,4.53,4.53,1755059.0
TRKCM.IS,20180213,4.65,4.72,4.65,4.67,1061748.0
TRKCM.IS,20180212,4.72,4.78,4.62,4.64,1950418.0
TRKCM.IS,20180209,4.69,4.7,4.58,4.7,1125617.0
TRKCM.IS,20180208,4.77,4.79,4.68,4.69,1028312.0
TRKCM.IS,20180207,4.69,4.79,4.69,4.76,1758076.0
TRKCM.IS,20180206,4.62,4.72,4.57,4.68,1761990.0
TRKCM.IS,20180205,4.66,4.82,4.65,4.71,1419443.0
TRKCM.IS,20180202,4.76,4.8,4.63,4.66,2261375.0
TRKCM.IS,20180201,4.85,4.85,4.76,4.76,2099296.0
TRKCM.IS,20180131,4.85,4.9,4.8,4.83,2551157.0
TRKCM.IS,20180130,4.85,4.87,4.81,4.85,1227787.0
TRKCM.IS,20180129,4.89,4.92,4.81,4.84,855384.0
TRKCM.IS,20180126,4.82,4.91,4.82,4.88,1069543.0
TRKCM.IS,20180125,4.9,4.9,4.8,4.8,1450373.0
TRKCM.IS,20180124,4.91,4.92,4.84,4.89,1588944.0
TRKCM.IS,20180123,4.9,4.96,4.88,4.9,1831002.0
TRKCM.IS,20180122,4.88,4.93,4.84,4.89,1895125.0
TRKCM.IS,20180119,4.9,4.9,4.82,4.89,1313870.0
TRKCM.IS,20180118,4.87,4.92,4.84,4.9,1556027.0
TRKCM.IS,20180117,4.81,4.89,4.76,4.87,1793670.0
TRKCM.IS,20180116,4.72,4.87,4.62,4.82,1415103.0
TRKCM.IS,20180115,4.86,4.9,4.7,4.73,1016220.0
TRKCM.IS,20180112,4.89,4.93,4.85,4.86,1602687.0
TRKCM.IS,20180111,4.82,4.92,4.81,4.87,2600591.0
TRKCM.IS,20180110,4.84,4.89,4.77,4.82,2624820.0
TRKCM.IS,20180109,4.84,4.86,4.75,4.79,1630100.0
TRKCM.IS,20180108,4.84,4.9,4.8,4.82,2261308.0
TRKCM.IS,20180105,4.59,4.81,4.59,4.8,3915855.0
TRKCM.IS,20180104,4.45,4.59,4.45,4.56,3808459.0
TRKCM.IS,20180103,4.6,4.64,4.45,4.45,4398025.0
TRKCM.IS,20180102,4.62,4.65,4.53,4.61,2280220.0
TRKCM.IS,20180101,4.62,4.62,4.62,4.62,0.0
TRKCM.IS,20171229,4.51,4.62,4.49,4.62,2656540.0
TRKCM.IS,20171228,4.36,4.52,4.36,4.52,3969088.0
TRKCM.IS,20171227,4.36,4.39,4.33,4.36,698318.0
TRKCM.IS,20171226,4.38,4.39,4.34,4.35,572519.0
TRKCM.IS,20171225,4.35,4.39,4.34,4.37,899581.0
TRKCM.IS,20171222,4.29,4.38,4.27,4.31,1988486.0
TRKCM.IS,20171221,4.25,4.38,4.25,4.27,2813610.0
TRKCM.IS,20171220,4.31,4.34,4.23,4.23,1908815.0
TRKCM.IS,20171219,4.33,4.37,4.3,4.31,1927202.0
TRKCM.IS,20171218,4.11,4.3,4.1,4.3,3503357.0
TRKCM.IS,20171215,4.18,4.18,4.03,4.09,3903008.0
TRKCM.IS,20171214,4.08,4.15,4.04,4.15,3493791.0
TRKCM.IS,20171213,4.15,4.16,4.05,4.07,2099359.0
TRKCM.IS,20171212,4.19,4.19,4.12,4.14,1579824.0
TRKCM.IS,20171211,4.19,4.22,4.18,4.2,1469149.0
TRKCM.IS,20171208,4.15,4.24,4.13,4.17,3016304.0
TRKCM.IS,20171207,4.07,4.16,4.07,4.15,809440.0
TRKCM.IS,20171206,4.08,4.1,4.05,4.07,1540083.0
TRKCM.IS,20171205,4.16,4.21,4.08,4.08,1182279.0
TRKCM.IS,20171204,4.08,4.13,4.0,4.13,962207.0
TRKCM.IS,20171201,4.13,4.13,4.03,4.08,1480904.0
TRKCM.IS,20171130,4.0,4.13,4.0,4.13,1550551.0
TRKCM.IS,20171129,3.97,4.02,3.91,4.0,1613678.0
TRKCM.IS,20171128,4.13,4.17,3.97,3.97,3094608.0
TRKCM.IS,20171127,4.2,4.25,4.11,4.13,1330829.0
TRKCM.IS,20171124,4.3,4.32,4.18,4.21,871567.0
TRKCM.IS,20171123,4.37,4.38,4.3,4.32,883311.0
TRKCM.IS,20171122,4.26,4.34,4.21,4.34,849388.0
TRKCM.IS,20171121,4.06,4.28,4.06,4.26,3416504.0
TRKCM.IS,20171120,4.22,4.22,4.1,4.11,1508721.0
TRKCM.IS,20171117,4.29,4.3,4.2,4.21,1925301.0
TRKCM.IS,20171116,4.3,4.3,4.25,4.29,980671.0
TRKCM.IS,20171115,4.34,4.35,4.26,4.3,1216765.0
TRKCM.IS,20171114,4.35,4.39,4.33,4.37,1103952.0
TRKCM.IS,20171113,4.38,4.38,4.31,4.35,1006317.0
TRKCM.IS,20171110,4.4,4.4,4.3,4.38,730286.0
TRKCM.IS,20171109,4.44,4.45,4.37,4.4,999075.0
TRKCM.IS,20171108,4.41,4.43,4.31,4.43,4184064.0
TRKCM.IS,20171107,4.32,4.37,4.26,4.3,872710.0
TRKCM.IS,20171106,4.25,4.36,4.19,4.32,1698886.0
TRKCM.IS,20171103,4.26,4.3,4.05,4.25,2239590.0
TRKCM.IS,20171102,4.35,4.35,4.22,4.25,1453670.0
TRKCM.IS,20171101,4.12,4.38,4.12,4.3,4038022.0
TRKCM.IS,20171031,4.06,4.15,4.06,4.11,2291598.0
TRKCM.IS,20171030,4.06,4.08,4.04,4.07,1351830.0
TRKCM.IS,20171027,4.01,4.05,3.98,4.03,830944.0
TRKCM.IS,20171026,4.09,4.09,4.02,4.03,2009013.0
TRKCM.IS,20171025,4.09,4.15,4.07,4.09,2126300.0
TRKCM.IS,20171024,4.06,4.09,4.04,4.09,1897447.0
TRKCM.IS,20171023,4.08,4.08,4.02,4.05,1080724.0
TRKCM.IS,20171020,4.06,4.08,4.02,4.08,5481894.0
TRKCM.IS,20171019,3.99,4.07,3.98,4.05,1687795.0
TRKCM.IS,20171018,4.04,4.06,3.93,3.98,2265448.0
TRKCM.IS,20171017,3.97,4.05,3.97,4.03,2189697.0
TRKCM.IS,20171016,3.94,4.03,3.9,3.97,4313738.0
TRKCM.IS,20171013,3.9,3.91,3.85,3.88,2384737.0
TRKCM.IS,20171012,3.9,3.95,3.87,3.88,3926848.0
TRKCM.IS,20171011,3.83,3.9,3.8,3.88,3870841.0
TRKCM.IS,20171010,3.86,3.87,3.81,3.83,2342711.0
TRKCM.IS,20171009,3.74,3.82,3.64,3.81,2152375.0
TRKCM.IS,20171006,3.88,3.9,3.83,3.85,1604043.0
TRKCM.IS,20171005,3.89,3.92,3.86,3.88,4639958.0
TRKCM.IS,20171004,3.86,3.91,3.82,3.89,3897808.0
TRKCM.IS,20171003,3.76,3.86,3.73,3.86,5713455.0
TRKCM.IS,20171002,3.64,3.75,3.62,3.74,3183969.0
TRKCM.IS,20170929,3.48,3.64,3.48,3.63,5971101.0
TRKCM.IS,20170928,3.4,3.5,3.38,3.48,3560724.0
TRKCM.IS,20170927,3.51,3.51,3.39,3.39,2807678.0
TRKCM.IS,20170926,3.42,3.51,3.42,3.51,2503698.0
TRKCM.IS,20170925,3.53,3.53,3.37,3.41,2664146.0
TRKCM.IS,20170922,3.59,3.59,3.49,3.55,1553148.0
TRKCM.IS,20170921,3.51,3.58,3.51,3.57,1694663.0
TRKCM.IS,20170920,3.48,3.55,3.46,3.54,1557070.0
TRKCM.IS,20170919,3.52,3.54,3.46,3.48,1700130.0
TRKCM.IS,20170918,3.6,3.6,3.52,3.52,1544822.0
TRKCM.IS,20170915,3.58,3.62,3.57,3.59,1119267.0
TRKCM.IS,20170914,3.63,3.64,3.54,3.56,2876367.0
TRKCM.IS,20170913,3.58,3.68,3.58,3.63,7697168.0
TRKCM.IS,20170912,3.61,3.62,3.56,3.57,1197556.0
TRKCM.IS,20170911,3.58,3.61,3.56,3.61,1420756.0
TRKCM.IS,20170908,3.57,3.58,3.52,3.57,1323676.0
TRKCM.IS,20170907,3.56,3.57,3.53,3.57,1831943.0
TRKCM.IS,20170906,3.5,3.56,3.47,3.56,2726442.0
TRKCM.IS,20170905,3.68,3.68,3.5,3.5,5733556.0
TRKCM.IS,20170904,3.68,3.68,3.68,3.68,0.0
TRKCM.IS,20170901,3.68,3.68,3.68,3.68,0.0
TRKCM.IS,20170831,3.64,3.7,3.64,3.68,789717.0
TRKCM.IS,20170830,3.64,3.64,3.64,3.64,0.0
TRKCM.IS,20170829,3.68,3.68,3.63,3.64,719601.0
TRKCM.IS,20170828,3.66,3.72,3.66,3.68,1047314.0
TRKCM.IS,20170825,3.65,3.67,3.63,3.66,969277.0
TRKCM.IS,20170824,3.66,3.68,3.62,3.66,1422373.0
TRKCM.IS,20170823,3.64,3.68,3.63,3.66,1395959.0
TRKCM.IS,20170822,3.7,3.71,3.6,3.63,2611675.0
TRKCM.IS,20170821,3.71,3.75,3.68,3.69,2767572.0
TRKCM.IS,20170818,3.55,3.7,3.55,3.7,4992444.0
TRKCM.IS,20170817,3.5,3.55,3.46,3.49,2648051.0
TRKCM.IS,20170816,3.54,3.59,3.42,3.47,2951116.0
TRKCM.IS,20170815,3.67,3.69,3.5,3.54,1791741.0
TRKCM.IS,20170814,3.69,3.72,3.65,3.66,2539561.0
TRKCM.IS,20170811,3.65,3.67,3.57,3.67,1558045.0
TRKCM.IS,20170810,3.75,3.8,3.65,3.67,3620110.0
TRKCM.IS,20170809,3.72,3.78,3.7,3.75,2581865.0
TRKCM.IS,20170808,3.73,3.77,3.7,3.75,1995757.0
TRKCM.IS,20170807,3.71,3.76,3.7,3.73,2631317.0
TRKCM.IS,20170804,3.65,3.73,3.65,3.7,2054791.0
TRKCM.IS,20170803,3.62,3.65,3.59,3.65,1570225.0
TRKCM.IS,20170802,3.63,3.67,3.6,3.61,1466675.0
TRKCM.IS,20170801,3.72,3.73,3.59,3.63,2550760.0
TRKCM.IS,20170731,3.75,3.75,3.67,3.72,1682697.0
TRKCM.IS,20170728,3.75,3.76,3.71,3.75,1063405.0
TRKCM.IS,20170727,3.77,3.79,3.74,3.76,1619242.0
TRKCM.IS,20170726,3.78,3.79,3.74,3.77,1256210.0
TRKCM.IS,20170725,3.71,3.81,3.7,3.77,2439643.0
TRKCM.IS,20170724,3.74,3.77,3.65,3.7,3028121.0
TRKCM.IS,20170721,3.6047800000000003,3.6870800000000004,3.5554,3.6870800000000004,3141578.0
TRKCM.IS,20170720,3.6459300000000003,3.6459300000000003,3.59655,3.6047800000000003,2448065.0
TRKCM.IS,20170719,3.5883199999999995,3.6459300000000003,3.5883199999999995,3.6459300000000003,2755069.0
TRKCM.IS,20170718,3.59655,3.59655,3.5554,3.58009,1909434.0
TRKCM.IS,20170717,3.57186,3.6047800000000003,3.5554,3.5883199999999995,3219644.0
TRKCM.IS,20170714,3.53071,3.57186,3.51425,3.5636300000000003,2435103.0
TRKCM.IS,20170713,3.51425,3.5554,3.49779,3.50602,4206519.0
TRKCM.IS,20170712,3.49779,3.5224800000000003,3.46487,3.51425,2935935.0
TRKCM.IS,20170711,3.51425,3.53071,3.4731,3.48956,3363628.0
TRKCM.IS,20170710,3.42372,3.50602,3.42372,3.50602,1763327.0
TRKCM.IS,20170707,3.45664,3.4813300000000003,3.39903,3.39903,1741102.0
TRKCM.IS,20170706,3.43195,3.5471699999999995,3.3908,3.45664,3978104.0
TRKCM.IS,20170705,3.48956,3.5224800000000003,3.42372,3.42372,2241343.0
TRKCM.IS,20170704,3.3002599999999997,3.51425,3.2920300000000005,3.46487,7601983.0
TRKCM.IS,20170703,3.1850400000000003,3.2920300000000005,3.1768099999999997,3.2838,4559696.0
TRKCM.IS,20170630,3.16858,3.2015,3.16035,3.1850400000000003,2925833.0
TRKCM.IS,20170629,3.19327,3.2261900000000003,3.16035,3.16858,2000857.0
TRKCM.IS,20170628,3.1768099999999997,3.19327,3.15212,3.19327,1068826.0
TRKCM.IS,20170627,3.16858,3.16858,3.16858,3.16858,0.0
TRKCM.IS,20170626,3.16858,3.16858,3.16858,3.16858,0.0
TRKCM.IS,20170623,3.2015,3.2261900000000003,3.16035,3.16858,2211985.0
TRKCM.IS,20170622,3.2179599999999997,3.23442,3.1850400000000003,3.19327,2568708.0
TRKCM.IS,20170621,3.1768099999999997,3.2179599999999997,3.1768099999999997,3.20973,3889972.0
TRKCM.IS,20170620,3.1438900000000003,3.1850400000000003,3.1438900000000003,3.1850400000000003,1521611.0
TRKCM.IS,20170619,3.16858,3.1850400000000003,3.1438900000000003,3.1438900000000003,1525426.0
TRKCM.IS,20170616,3.1850400000000003,3.1850400000000003,3.12743,3.16035,1678522.0
TRKCM.IS,20170615,3.16035,3.1850400000000003,3.1192,3.1850400000000003,1524342.0
TRKCM.IS,20170614,3.16858,3.19327,3.15212,3.16035,1477780.0
TRKCM.IS,20170613,3.20973,3.23442,3.1192,3.16858,4705490.0
TRKCM.IS,20170612,3.1850400000000003,3.24265,3.1768099999999997,3.19327,4151601.0
TRKCM.IS,20170609,3.16035,3.20973,3.1438900000000003,3.1768099999999997,3649021.0
TRKCM.IS,20170608,3.15212,3.16035,3.12743,3.15212,2894827.0
TRKCM.IS,20170607,3.2261900000000003,3.2261900000000003,3.1438900000000003,3.15212,3671210.0
TRKCM.IS,20170606,3.2179599999999997,3.23442,3.19327,3.20973,3645200.0
TRKCM.IS,20170605,3.27557,3.27557,3.19327,3.20973,4188307.0
TRKCM.IS,20170602,3.23442,3.2838,3.23442,3.27557,2268889.0
TRKCM.IS,20170601,3.2591099999999997,3.2673400000000004,3.20973,3.24265,2049228.0
TRKCM.IS,20170531,3.2591099999999997,3.2838,3.20973,3.25088,2711257.0
TRKCM.IS,20170530,3.19327,3.2673400000000004,3.16858,3.24265,2241396.0
TRKCM.IS,20170529,3.2673400000000004,3.2920300000000005,3.24265,3.2591099999999997,2094379.0
TRKCM.IS,20170526,3.27557,3.2920300000000005,3.23442,3.2591099999999997,1718250.0
TRKCM.IS,20170525,3.25088,3.2920300000000005,3.2261900000000003,3.2920300000000005,2490417.0
TRKCM.IS,20170524,3.1850400000000003,3.25088,3.1768099999999997,3.24265,2315666.0
TRKCM.IS,20170523,3.1192,3.19327,3.1027400000000003,3.1768099999999997,2992376.0
TRKCM.IS,20170522,3.16035,3.16035,3.08628,3.1192,1769145.0
TRKCM.IS,20170519,3.12743,3.12743,3.12743,3.12743,0.0
TRKCM.IS,20170518,3.16035,3.16035,3.06982,3.12743,2605323.0
TRKCM.IS,20170517,3.11097,3.16035,3.08628,3.16035,2708066.0
TRKCM.IS,20170516,3.0615900000000003,3.12743,3.0615900000000003,3.0945099999999996,2156051.0
TRKCM.IS,20170515,2.97929,3.07805,2.97929,3.0615900000000003,5168503.0
TRKCM.IS,20170512,2.94637,2.97929,2.90522,2.97106,3167935.0
TRKCM.IS,20170511,2.99575,3.04513,2.92991,2.93814,9492600.0
TRKCM.IS,20170510,2.88876,2.90522,2.82292,2.90522,3133273.0
TRKCM.IS,20170509,2.92991,2.93814,2.89699,2.90522,2627130.0
TRKCM.IS,20170508,2.90522,2.93814,2.88053,2.92168,1861971.0
TRKCM.IS,20170505,2.93814,2.93814,2.86407,2.90522,1974903.0
TRKCM.IS,20170504,2.90522,2.94637,2.88876,2.92168,3281651.0
TRKCM.IS,20170503,2.8723,2.89699,2.86407,2.88876,819114.0
TRKCM.IS,20170502,2.84761,2.88876,2.84761,2.8723,1329445.0
TRKCM.IS,20170501,2.83115,2.83115,2.83115,2.83115,0.0
TRKCM.IS,20170428,2.86407,2.89699,2.83115,2.83115,1417199.0
TRKCM.IS,20170427,2.84761,2.92991,2.83938,2.86407,3448598.0
TRKCM.IS,20170426,2.8723,2.88053,2.83115,2.83938,1241381.0
TRKCM.IS,20170425,2.84761,2.8723,2.7982299999999998,2.8723,2236490.0
TRKCM.IS,20170424,2.81469,2.8723,2.80646,2.84761,2675522.0
TRKCM.IS,20170421,2.82292,2.83938,2.80646,2.80646,1414502.0
TRKCM.IS,20170420,2.78177,2.84761,2.77354,2.80646,3519790.0
TRKCM.IS,20170419,2.76531,2.7982299999999998,2.74885,2.76531,4384112.0
TRKCM.IS,20170418,2.69124,2.7570799999999998,2.6747799999999997,2.7570799999999998,4321251.0
TRKCM.IS,20170417,2.69124,2.7159299999999997,2.6747799999999997,2.68301,1217412.0
TRKCM.IS,20170414,2.6583200000000002,2.69124,2.6583200000000002,2.68301,589363.0
TRKCM.IS,20170413,2.7077,2.7077,2.64186,2.6747799999999997,1327490.0
TRKCM.IS,20170412,2.72416,2.7406200000000003,2.6994700000000003,2.6994700000000003,865020.0
TRKCM.IS,20170411,2.74885,2.7570799999999998,2.7077,2.73239,1816201.0
TRKCM.IS,20170410,2.68301,2.7406200000000003,2.6747799999999997,2.73239,3460085.0
TRKCM.IS,20170407,2.6747799999999997,2.68301,2.60894,2.6747799999999997,3844405.0
TRKCM.IS,20170406,2.66655,2.69124,2.65009,2.66655,3538507.0
TRKCM.IS,20170405,2.6583200000000002,2.68301,2.63363,2.66655,3520821.0
TRKCM.IS,20170404,2.64186,2.6747799999999997,2.61717,2.6583200000000002,3479724.0
TRKCM.IS,20170403,2.60071,2.66655,2.60071,2.63363,5758178.0
TRKCM.IS,20170331,2.60071,2.60894,2.57602,2.60071,2168721.0
TRKCM.IS,20170330,2.56779,2.59248,2.55956,2.59248,3379525.0
TRKCM.IS,20170329,2.53487,2.57602,2.51841,2.55133,2526011.0
TRKCM.IS,20170328,2.53487,2.55956,2.52664,2.5431,1988452.0
TRKCM.IS,20170327,2.56779,2.58425,2.52664,2.52664,1616959.0
TRKCM.IS,20170324,2.56779,2.57602,2.55133,2.55956,1262476.0
TRKCM.IS,20170323,2.51841,2.57602,2.51018,2.55133,7341585.0
TRKCM.IS,20170322,2.51841,2.52664,2.48549,2.51841,2285558.0
TRKCM.IS,20170321,2.50195,2.53487,2.48549,2.53487,3609697.0
TRKCM.IS,20170320,2.49372,2.49372,2.4608,2.48549,3847566.0
TRKCM.IS,20170317,2.53487,2.55133,2.48549,2.49372,3005638.0
TRKCM.IS,20170316,2.51018,2.53487,2.49372,2.52664,2226457.0
TRKCM.IS,20170315,2.48549,2.51841,2.47726,2.49372,2294883.0
TRKCM.IS,20170314,2.51018,2.51841,2.45257,2.46903,2952949.0
TRKCM.IS,20170313,2.53487,2.5431,2.49372,2.50195,1986831.0
TRKCM.IS,20170310,2.53487,2.55956,2.51018,2.5431,2254084.0
TRKCM.IS,20170309,2.53487,2.5431,2.51018,2.52664,2901197.0
TRKCM.IS,20170308,2.59248,2.6254,2.51841,2.52664,4364605.0
TRKCM.IS,20170307,2.6254,2.68301,2.57602,2.59248,8353966.0
TRKCM.IS,20170306,2.55133,2.58425,2.55133,2.55956,1158537.0
TRKCM.IS,20170303,2.57602,2.57602,2.5431,2.5431,1389215.0
TRKCM.IS,20170302,2.58425,2.60894,2.55133,2.58425,1424691.0
TRKCM.IS,20170301,2.53487,2.59248,2.52664,2.59248,3686020.0
TRKCM.IS,20170228,2.4608,2.5431,2.44434,2.5431,3203794.0
TRKCM.IS,20170227,2.46903,2.48549,2.45257,2.4608,806770.0
TRKCM.IS,20170224,2.48549,2.48549,2.4608,2.4608,1877311.0
TRKCM.IS,20170223,2.51841,2.51841,2.47726,2.48549,1612345.0
TRKCM.IS,20170222,2.50195,2.53487,2.49372,2.50195,1915784.0
TRKCM.IS,20170221,2.51841,2.52664,2.50195,2.50195,1685072.0
TRKCM.IS,20170220,2.53487,2.5431,2.51841,2.51841,1434560.0
TRKCM.IS,20170217,2.52664,2.55133,2.49372,2.51841,1470435.0
TRKCM.IS,20170216,2.53487,2.55133,2.50195,2.52664,1535393.0
TRKCM.IS,20170215,2.5431,2.55956,2.52664,2.53487,952395.0
TRKCM.IS,20170214,2.56779,2.59248,2.55133,2.55956,1227393.0
TRKCM.IS,20170213,2.59248,2.59248,2.55956,2.56779,700453.0
TRKCM.IS,20170210,2.59248,2.60071,2.55956,2.58425,868386.0
TRKCM.IS,20170209,2.60894,2.6254,2.57602,2.58425,3542386.0
TRKCM.IS,20170208,2.57602,2.60894,2.55133,2.60071,2222104.0
TRKCM.IS,20170207,2.52664,2.59248,2.51841,2.59248,2147278.0
TRKCM.IS,20170206,2.56779,2.60894,2.51841,2.5431,3398166.0
TRKCM.IS,20170203,2.58425,2.58425,2.5431,2.55956,1458050.0
TRKCM.IS,20170202,2.60894,2.61717,2.57602,2.58425,1161028.0
TRKCM.IS,20170201,2.5431,2.60894,2.52664,2.60071,2229295.0
TRKCM.IS,20170131,2.55133,2.55956,2.51841,2.5431,1232254.0
TRKCM.IS,20170130,2.50195,2.60071,2.50195,2.55133,3899978.0
TRKCM.IS,20170127,2.47726,2.51018,2.4608,2.51018,1251634.0
TRKCM.IS,20170126,2.50195,2.51841,2.47726,2.49372,1548687.0
TRKCM.IS,20170125,2.51841,2.51841,2.47726,2.49372,882723.0
TRKCM.IS,20170124,2.41142,2.51841,2.41142,2.51841,4827389.0
TRKCM.IS,20170123,2.45257,2.48549,2.41142,2.41142,3457723.0
TRKCM.IS,20170120,2.40319,2.4608,2.3949599999999998,2.45257,2316776.0
TRKCM.IS,20170119,2.4361099999999998,2.45257,2.40319,2.40319,2878550.0
TRKCM.IS,20170118,2.45257,2.46903,2.41965,2.42788,4231077.0
TRKCM.IS,20170117,2.46903,2.46903,2.44434,2.44434,2486488.0
TRKCM.IS,20170116,2.49372,2.49372,2.45257,2.45257,2444335.0
TRKCM.IS,20170113,2.46903,2.48549,2.4361099999999998,2.4608,6592925.0
TRKCM.IS,20170112,2.42788,2.50195,2.41965,2.46903,9184354.0
TRKCM.IS,20170111,2.38673,2.42788,2.3785,2.41142,5402727.0
TRKCM.IS,20170110,2.34557,2.41142,2.33734,2.3949599999999998,4740985.0
TRKCM.IS,20170109,2.34557,2.3538,2.32911,2.34557,1643414.0
TRKCM.IS,20170106,2.32088,2.36203,2.30442,2.34557,4473296.0
TRKCM.IS,20170105,2.33734,2.3538,2.30442,2.31265,2155387.0
TRKCM.IS,20170104,2.32911,2.36203,2.32088,2.32088,3068448.0
TRKCM.IS,20170103,2.31265,2.3538,2.28796,2.32088,4614757.0
TRKCM.IS,20170102,2.32911,2.34557,2.31265,2.31265,838503.0
TRKCM.IS,20161230,2.34557,2.34557,2.30442,2.33734,1529596.0
TRKCM.IS,20161229,2.34557,2.34557,2.32911,2.33734,1001666.0
TRKCM.IS,20161228,2.30442,2.3538,2.30442,2.34557,1735202.0
TRKCM.IS,20161227,2.32911,2.33734,2.31265,2.31265,343893.0
TRKCM.IS,20161226,2.33734,2.3538,2.32088,2.32911,289551.0
TRKCM.IS,20161223,2.32088,2.3538,2.31265,2.33734,1396253.0
TRKCM.IS,20161222,2.38673,2.38673,2.29619,2.32088,2917431.0
TRKCM.IS,20161221,2.42788,2.4361099999999998,2.36203,2.3949599999999998,1758940.0
TRKCM.IS,20161220,2.40319,2.44434,2.3949599999999998,2.42788,2105542.0
TRKCM.IS,20161219,2.4361099999999998,2.45257,2.3949599999999998,2.41142,1225495.0
TRKCM.IS,20161216,2.40319,2.4361099999999998,2.3949599999999998,2.4361099999999998,1366643.0
TRKCM.IS,20161215,2.37026,2.41965,2.37026,2.41142,2966626.0
TRKCM.IS,20161214,2.36203,2.3949599999999998,2.32911,2.3949599999999998,2865876.0
TRKCM.IS,20161213,2.3785,2.38673,2.34557,2.37026,2391618.0
TRKCM.IS,20161212,2.36203,2.37026,2.33734,2.36203,1576407.0
TRKCM.IS,20161209,2.3538,2.36203,2.31265,2.36203,2599550.0
TRKCM.IS,20161208,2.3785,2.3785,2.32088,2.3538,2595815.0
TRKCM.IS,20161207,2.37026,2.38673,2.34557,2.3785,2024110.0
TRKCM.IS,20161206,2.3538,2.37026,2.31265,2.37026,2804452.0
TRKCM.IS,20161205,2.24681,2.34557,2.22212,2.32911,3940170.0
TRKCM.IS,20161202,2.27973,2.28796,2.22212,2.2715,2415204.0
TRKCM.IS,20161201,2.31265,2.32088,2.25504,2.2715,2302954.0
TRKCM.IS,20161130,2.25504,2.31265,2.23035,2.31265,5616051.0
TRKCM.IS,20161129,2.26327,2.29619,2.24681,2.24681,4496651.0
TRKCM.IS,20161128,2.24681,2.25504,2.20566,2.24681,2454929.0
TRKCM.IS,20161125,2.25504,2.27973,2.20566,2.23035,3100891.0
TRKCM.IS,20161124,2.22212,2.27973,2.1892,2.26327,5181220.0
TRKCM.IS,20161123,2.2715,2.29619,2.1974299999999998,2.22212,5916022.0
TRKCM.IS,20161122,2.1892,2.25504,2.16451,2.25504,4948274.0
TRKCM.IS,20161121,2.1974299999999998,2.1974299999999998,2.13159,2.17274,3096848.0
TRKCM.IS,20161118,2.13159,2.1892,2.1151299999999997,2.18097,5705948.0
TRKCM.IS,20161117,2.08221,2.1562799999999998,2.08221,2.1398200000000003,6944477.0
TRKCM.IS,20161116,2.09044,2.0986700000000003,2.0739799999999997,2.08221,2061418.0
TRKCM.IS,20161115,2.08221,2.0986700000000003,2.06575,2.09044,2165484.0
TRKCM.IS,20161114,2.1069,2.1069,2.04929,2.08221,3939905.0
TRKCM.IS,20161111,2.0986700000000003,2.1151299999999997,2.0575200000000002,2.09044,3189627.0
TRKCM.IS,20161110,2.0986700000000003,2.12336,2.08221,2.1069,4932648.0
TRKCM.IS,20161109,2.0246,2.0739799999999997,2.0246,2.04929,2885711.0
TRKCM.IS,20161108,2.04929,2.0986700000000003,2.04106,2.09044,2189454.0
TRKCM.IS,20161107,2.06575,2.0739799999999997,2.03283,2.04929,2448030.0
TRKCM.IS,20161104,2.0246,2.0575200000000002,1.99168,2.0575200000000002,3096867.0
TRKCM.IS,20161103,2.0739799999999997,2.08221,2.04929,2.06575,1294161.0
TRKCM.IS,20161102,2.04929,2.09044,2.04929,2.0739799999999997,2381591.0
TRKCM.IS,20161101,2.1069,2.12336,2.03283,2.04929,2944969.0
TRKCM.IS,20161031,2.1151299999999997,2.12336,2.09044,2.0986700000000003,2701972.0
TRKCM.IS,20161028,2.13159,2.1398200000000003,2.0986700000000003,2.1151299999999997,1159103.0
TRKCM.IS,20161027,2.13159,2.14805,2.12336,2.13159,2289834.0
TRKCM.IS,20161026,2.1398200000000003,2.1562799999999998,2.12336,2.13159,2990157.0
TRKCM.IS,20161025,2.16451,2.17274,2.13159,2.14805,4774142.0
TRKCM.IS,20161024,2.1398200000000003,2.18097,2.13159,2.1562799999999998,7159637.0
TRKCM.IS,20161021,2.1151299999999997,2.13159,2.09044,2.13159,7132802.0
TRKCM.IS,20161020,2.0986700000000003,2.1151299999999997,2.09044,2.1069,5734686.0
TRKCM.IS,20161019,2.08221,2.1069,2.0739799999999997,2.09044,4168092.0
TRKCM.IS,20161018,2.08221,2.09044,2.06575,2.0739799999999997,4119156.0
TRKCM.IS,20161017,2.04929,2.06575,2.0246,2.06575,2787760.0
TRKCM.IS,20161014,2.04929,2.0575200000000002,2.0246,2.0575200000000002,2194548.0
TRKCM.IS,20161013,2.0575200000000002,2.0575200000000002,2.03283,2.04106,2449050.0
TRKCM.IS,20161012,2.0739799999999997,2.08221,2.04929,2.0575200000000002,3338131.0
TRKCM.IS,20161011,2.0986700000000003,2.1151299999999997,2.0575200000000002,2.0739799999999997,4526464.0
TRKCM.IS,20161010,2.0986700000000003,2.13159,2.08221,2.1069,4323193.0
TRKCM.IS,20161007,2.09044,2.1151299999999997,2.0575200000000002,2.08221,7126498.0
TRKCM.IS,20161006,2.0986700000000003,2.1151299999999997,2.06575,2.0739799999999997,3231795.0
TRKCM.IS,20161005,2.0739799999999997,2.09044,2.04929,2.09044,2682188.0
TRKCM.IS,20161004,2.09044,2.0986700000000003,2.06575,2.06575,3308398.0
TRKCM.IS,20161003,2.04929,2.0986700000000003,2.04929,2.08221,3165941.0
TRKCM.IS,20160930,2.03283,2.0575200000000002,2.0246,2.04929,1577056.0
TRKCM.IS,20160929,2.0246,2.08221,2.00814,2.04106,7226601.0
TRKCM.IS,20160928,2.00814,2.0246,1.99168,2.01637,1716028.0
TRKCM.IS,20160927,2.01637,2.03283,1.9999099999999999,1.9999099999999999,2395434.0
TRKCM.IS,20160926,1.99168,2.01637,1.9505299999999999,2.00814,5058304.0
TRKCM.IS,20160923,2.0986700000000003,2.1151299999999997,2.08221,2.0986700000000003,4363803.0
TRKCM.IS,20160922,2.0575200000000002,2.1069,2.04929,2.0986700000000003,9496249.0
TRKCM.IS,20160921,2.04106,2.06575,2.03283,2.04106,5001826.0
TRKCM.IS,20160920,2.04929,2.04929,2.0246,2.03283,2697126.0
TRKCM.IS,20160919,2.0575200000000002,2.06575,2.04106,2.04106,3955862.0
TRKCM.IS,20160916,2.00814,2.04929,1.98345,2.04929,4966902.0
TRKCM.IS,20160915,1.99168,1.99168,1.99168,1.99168,0.0
TRKCM.IS,20160914,1.99168,1.99168,1.99168,1.99168,0.0
TRKCM.IS,20160913,1.99168,1.99168,1.99168,1.99168,0.0
TRKCM.IS,20160912,1.99168,1.99168,1.99168,1.99168,0.0
TRKCM.IS,20160909,2.03283,2.03283,1.99168,1.99168,2354336.0
TRKCM.IS,20160908,2.01637,2.04106,2.01637,2.0246,2218510.0
TRKCM.IS,20160907,2.04106,2.04929,2.01637,2.01637,2542388.0
TRKCM.IS,20160906,2.0575200000000002,2.06575,2.03283,2.03283,3448841.0
TRKCM.IS,20160905,2.0575200000000002,2.06575,2.04106,2.04929,1833874.0
TRKCM.IS,20160902,2.0246,2.0575200000000002,2.01637,2.04106,2121257.0
TRKCM.IS,20160901,2.06575,2.0739799999999997,2.00814,2.01637,4918894.0
TRKCM.IS,20160831,2.0575200000000002,2.09044,2.04106,2.06575,4919129.0
TRKCM.IS,20160830,2.0575200000000002,2.0575200000000002,2.0575200000000002,2.0575200000000002,0.0
TRKCM.IS,20160829,2.06575,2.08221,2.04106,2.0575200000000002,2440624.0
TRKCM.IS,20160826,2.06575,2.08221,2.03283,2.0739799999999997,2452099.0
TRKCM.IS,20160825,2.0986700000000003,2.1069,2.0575200000000002,2.06575,2915680.0
TRKCM.IS,20160824,2.0575200000000002,2.09044,1.9999099999999999,2.09044,7956063.0
TRKCM.IS,20160823,2.0986700000000003,2.1151299999999997,2.08221,2.08221,2794487.0
TRKCM.IS,20160822,2.0575200000000002,2.1069,2.04929,2.09044,6620250.0
TRKCM.IS,20160819,2.04106,2.06575,2.00814,2.06575,4830129.0
TRKCM.IS,20160818,2.04929,2.0575200000000002,2.01637,2.04106,9132972.0
TRKCM.IS,20160817,2.0739799999999997,2.09044,2.01637,2.03283,7136715.0
TRKCM.IS,20160816,2.17274,2.18097,2.0739799999999997,2.0739799999999997,12529696.0
TRKCM.IS,20160815,2.14805,2.20566,2.14805,2.1892,7654838.0
TRKCM.IS,20160812,2.16451,2.16451,2.13159,2.13159,3820304.0
TRKCM.IS,20160811,2.13159,2.16451,2.12336,2.1562799999999998,5592916.0
TRKCM.IS,20160810,2.1398200000000003,2.1398200000000003,2.1069,2.12336,6172110.0
TRKCM.IS,20160809,2.1151299999999997,2.1562799999999998,2.0986700000000003,2.1398200000000003,8699878.0
TRKCM.IS,20160808,2.1069,2.13159,2.08221,2.1151299999999997,7890730.0
TRKCM.IS,20160805,2.08221,2.1069,2.04106,2.06575,7327515.0
TRKCM.IS,20160804,2.04929,2.08221,2.0246,2.0739799999999997,9525361.0
TRKCM.IS,20160803,2.0739799999999997,2.08221,2.00814,2.04929,9634007.0
TRKCM.IS,20160802,2.0986700000000003,2.13159,2.0739799999999997,2.08221,5852813.0
TRKCM.IS,20160801,2.03283,2.12336,2.0246,2.0986700000000003,14121590.0
TRKCM.IS,20160729,1.99168,2.0246,1.9669900000000002,2.01637,5818624.0
TRKCM.IS,20160728,2.0246,2.0246,1.9505299999999999,1.98345,6899405.0
TRKCM.IS,20160727,1.9423,2.01637,1.9176099999999998,2.01637,7401674.0
TRKCM.IS,20160726,1.9587599999999998,1.9587599999999998,1.90115,1.9258400000000002,3373893.0
TRKCM.IS,20160725,1.86,1.9340700000000002,1.86,1.9340700000000002,5231934.0
TRKCM.IS,20160722,1.8353099999999998,1.8846900000000002,1.7941599999999998,1.86,3678127.0
TRKCM.IS,20160721,1.8106200000000001,1.8435400000000002,1.74478,1.8353099999999998,5039433.0
TRKCM.IS,20160720,1.8846900000000002,1.8929200000000002,1.81885,1.8353099999999998,3872315.0
TRKCM.IS,20160719,1.86,1.9340700000000002,1.8517700000000001,1.8929200000000002,4828609.0
TRKCM.IS,20160718,1.9176099999999998,1.99168,1.8106200000000001,1.8682299999999998,9032060.0
TRKCM.IS,20160715,1.9999099999999999,2.0246,1.9669900000000002,2.01637,6061630.0
TRKCM.IS,20160714,1.9669900000000002,2.01637,1.9423,1.9999099999999999,15167835.0
TRKCM.IS,20160713,1.94049,1.9800900000000001,1.9167299999999998,1.96425,14546575.0
TRKCM.IS,20160712,1.95633,1.97217,1.92465,1.94049,6620095.0
TRKCM.IS,20160711,1.9167299999999998,1.95633,1.9167299999999998,1.9484099999999998,3478224.0
TRKCM.IS,20160708,1.90881,1.95633,1.90088,1.9167299999999998,5070745.0
TRKCM.IS,20160707,1.9167299999999998,1.9167299999999998,1.9167299999999998,1.9167299999999998,0.0
TRKCM.IS,20160706,1.9167299999999998,1.9167299999999998,1.9167299999999998,1.9167299999999998,0.0
TRKCM.IS,20160705,1.9167299999999998,1.9167299999999998,1.9167299999999998,1.9167299999999998,0.0
TRKCM.IS,20160704,1.88504,1.9167299999999998,1.88504,1.9167299999999998,2393287.0
TRKCM.IS,20160701,1.8137599999999998,1.88504,1.79792,1.8771200000000001,8859514.0
TRKCM.IS,20160630,1.7504,1.82168,1.74248,1.8058400000000001,7972983.0
TRKCM.IS,20160629,1.7504,1.75832,1.7108,1.7504,5505717.0
TRKCM.IS,20160628,1.77416,1.8058400000000001,1.7345599999999999,1.7504,10110317.0
TRKCM.IS,20160627,1.75832,1.77416,1.7504,1.75832,2004344.0
TRKCM.IS,20160624,1.7108,1.75832,1.70288,1.75832,3263760.0
TRKCM.IS,20160623,1.8058400000000001,1.8137599999999998,1.79,1.79792,3241265.0
TRKCM.IS,20160622,1.7662400000000003,1.8058400000000001,1.75832,1.79792,4947753.0
TRKCM.IS,20160621,1.7504,1.77416,1.74248,1.7504,3796376.0
TRKCM.IS,20160620,1.74248,1.7504,1.7345599999999999,1.74248,2792065.0
TRKCM.IS,20160617,1.7504,1.7504,1.71872,1.7266400000000002,2130173.0
TRKCM.IS,20160616,1.7662400000000003,1.7662400000000003,1.71872,1.7266400000000002,3525523.0
TRKCM.IS,20160615,1.77416,1.79,1.7662400000000003,1.77416,2400276.0
TRKCM.IS,20160614,1.7345599999999999,1.77416,1.7108,1.7662400000000003,5094174.0
TRKCM.IS,20160613,1.7345599999999999,1.74248,1.6949599999999998,1.7345599999999999,3519342.0
TRKCM.IS,20160610,1.77416,1.77416,1.74248,1.7504,2985579.0
TRKCM.IS,20160609,1.8058400000000001,1.8137599999999998,1.7662400000000003,1.7820799999999999,3031568.0
TRKCM.IS,20160608,1.77416,1.8137599999999998,1.75832,1.8058400000000001,8284149.0
TRKCM.IS,20160607,1.7504,1.7662400000000003,1.7266400000000002,1.75832,6638408.0
TRKCM.IS,20160606,1.7108,1.75832,1.6949599999999998,1.7504,5265691.0
TRKCM.IS,20160603,1.6711900000000002,1.70288,1.66327,1.6949599999999998,4601056.0
TRKCM.IS,20160602,1.68704,1.70288,1.65535,1.6711900000000002,4358535.0
TRKCM.IS,20160601,1.7345599999999999,1.7504,1.6711900000000002,1.6791099999999999,12453395.0
TRKCM.IS,20160531,1.74248,1.7662400000000003,1.7345599999999999,1.7345599999999999,6204564.0
TRKCM.IS,20160530,1.75832,1.75832,1.71872,1.7345599999999999,9120959.0
TRKCM.IS,20160527,1.79792,1.8058400000000001,1.75832,1.75832,10103456.0
TRKCM.IS,20160526,1.7662400000000003,1.7820799999999999,1.71872,1.74248,8470717.0
TRKCM.IS,20160525,1.7504,1.7820799999999999,1.74248,1.77416,12377082.0
TRKCM.IS,20160524,1.68704,1.77416,1.6791099999999999,1.7504,13633623.0
TRKCM.IS,20160523,1.6711900000000002,1.7108,1.6711900000000002,1.6949599999999998,8745726.0
TRKCM.IS,20160520,1.68704,1.68704,1.65535,1.6711900000000002,3308162.0
TRKCM.IS,20160519,1.66327,1.66327,1.66327,1.66327,0.0
TRKCM.IS,20160518,1.65535,1.6791099999999999,1.6395099999999998,1.66327,3846505.0
TRKCM.IS,20160517,1.65535,1.6791099999999999,1.61575,1.65535,4995872.0
TRKCM.IS,20160516,1.64743,1.6791099999999999,1.6395099999999998,1.64743,4408762.0
TRKCM.IS,20160513,1.64743,1.6711900000000002,1.6395099999999998,1.6395099999999998,4019832.0
TRKCM.IS,20160512,1.68704,1.70288,1.65535,1.66327,8631938.0
TRKCM.IS,20160511,1.6315899999999999,1.71872,1.61575,1.6791099999999999,23522017.0
TRKCM.IS,20160510,1.59991,1.6236700000000002,1.59199,1.59199,4340726.0
TRKCM.IS,20160509,1.59199,1.61575,1.57615,1.6078299999999999,3973622.0
TRKCM.IS,20160506,1.59199,1.59991,1.54447,1.58407,3374603.0
TRKCM.IS,20160505,1.4573399999999999,1.61575,1.4573399999999999,1.59991,6556220.0
TRKCM.IS,20160504,1.59991,1.59991,1.52071,1.55239,8399782.0
TRKCM.IS,20160503,1.65535,1.6711900000000002,1.58407,1.59991,12581659.0
TRKCM.IS,20160502,1.6949599999999998,1.70288,1.6395099999999998,1.64743,5612882.0
TRKCM.IS,20160429,1.6791099999999999,1.70288,1.6791099999999999,1.6949599999999998,9045651.0
TRKCM.IS,20160428,1.7345599999999999,1.7662400000000003,1.7266400000000002,1.7504,11519424.0
TRKCM.IS,20160427,1.7108,1.74248,1.7108,1.7266400000000002,7522009.0
TRKCM.IS,20160426,1.71872,1.7266400000000002,1.70288,1.7108,3287399.0
TRKCM.IS,20160425,1.6949599999999998,1.7266400000000002,1.6949599999999998,1.7108,5990204.0
TRKCM.IS,20160422,1.7108,1.71872,1.6791099999999999,1.6949599999999998,2643684.0
TRKCM.IS,20160421,1.6949599999999998,1.71872,1.68704,1.70288,9370854.0
TRKCM.IS,20160420,1.74248,1.7504,1.6711900000000002,1.6791099999999999,9551077.0
TRKCM.IS,20160419,1.7266400000000002,1.74248,1.7108,1.74248,5853455.0
TRKCM.IS,20160418,1.71872,1.7266400000000002,1.6949599999999998,1.71872,5884818.0
TRKCM.IS,20160415,1.7345599999999999,1.7345599999999999,1.7108,1.71872,4899908.0
TRKCM.IS,20160414,1.74248,1.7504,1.71872,1.7266400000000002,7405229.0
TRKCM.IS,20160413,1.7108,1.7504,1.7108,1.7345599999999999,8630529.0
TRKCM.IS,20160412,1.7266400000000002,1.74248,1.68704,1.6949599999999998,8872215.0
TRKCM.IS,20160411,1.6791099999999999,1.7266400000000002,1.6791099999999999,1.7266400000000002,12653134.0
TRKCM.IS,20160408,1.6395099999999998,1.6791099999999999,1.6236700000000002,1.6711900000000002,7947979.0
TRKCM.IS,20160407,1.65535,1.6711900000000002,1.6236700000000002,1.6315899999999999,5753822.0
TRKCM.IS,20160406,1.6711900000000002,1.6791099999999999,1.6395099999999998,1.64743,5703826.0
TRKCM.IS,20160405,1.6711900000000002,1.68704,1.65535,1.66327,8438653.0
TRKCM.IS,20160404,1.64743,1.68704,1.6395099999999998,1.6791099999999999,10910112.0
TRKCM.IS,20160401,1.6315899999999999,1.6791099999999999,1.6315899999999999,1.6315899999999999,13894345.0
TRKCM.IS,20160331,1.61575,1.65535,1.59199,1.6395099999999998,14272204.0
TRKCM.IS,20160330,1.56031,1.6236700000000002,1.56031,1.61575,18433464.0
TRKCM.IS,20160329,1.52071,1.56823,1.5127899999999999,1.54447,12612597.0
TRKCM.IS,20160328,1.53655,1.54447,1.5127899999999999,1.5127899999999999,4264729.0
TRKCM.IS,20160325,1.53655,1.54447,1.52863,1.53655,1204656.0
TRKCM.IS,20160324,1.5048700000000002,1.54447,1.49695,1.52863,6409497.0
TRKCM.IS,20160323,1.53655,1.54447,1.4890299999999999,1.5048700000000002,12240479.0
TRKCM.IS,20160322,1.56823,1.56823,1.5127899999999999,1.53655,14700319.0
TRKCM.IS,20160321,1.53655,1.59199,1.52863,1.56823,15758886.0
TRKCM.IS,20160318,1.54447,1.55239,1.52863,1.55239,8207150.0
TRKCM.IS,20160317,1.52863,1.54447,1.5127899999999999,1.54447,9506601.0
TRKCM.IS,20160316,1.5048700000000002,1.52863,1.4890299999999999,1.5127899999999999,9975150.0
TRKCM.IS,20160315,1.5048700000000002,1.52863,1.49695,1.5048700000000002,7484531.0
TRKCM.IS,20160314,1.52071,1.52863,1.49695,1.5048700000000002,7405532.0
TRKCM.IS,20160311,1.53655,1.54447,1.52071,1.52863,5924944.0
TRKCM.IS,20160310,1.5048700000000002,1.53655,1.4890299999999999,1.52071,15512208.0
TRKCM.IS,20160309,1.5048700000000002,1.5127899999999999,1.4890299999999999,1.5048700000000002,6356580.0
TRKCM.IS,20160308,1.47319,1.5127899999999999,1.46527,1.49695,9572440.0
TRKCM.IS,20160307,1.4573399999999999,1.48111,1.4494200000000002,1.47319,8246663.0
TRKCM.IS,20160304,1.4573399999999999,1.47319,1.4335799999999999,1.4494200000000002,7112591.0
TRKCM.IS,20160303,1.47319,1.48111,1.4415,1.4494200000000002,11340848.0
TRKCM.IS,20160302,1.4494200000000002,1.47319,1.4415,1.46527,16149177.0
TRKCM.IS,20160301,1.42566,1.4415,1.40982,1.4335799999999999,7817699.0
TRKCM.IS,20160229,1.38606,1.42566,1.38606,1.41774,8772674.0
TRKCM.IS,20160226,1.4019,1.41774,1.37814,1.38606,6314670.0
TRKCM.IS,20160225,1.38606,1.40982,1.37814,1.39398,6501733.0
TRKCM.IS,20160224,1.40982,1.4335799999999999,1.3623,1.37814,11873777.0
TRKCM.IS,20160223,1.4019,1.4335799999999999,1.38606,1.40982,9802103.0
TRKCM.IS,20160222,1.37814,1.4019,1.37022,1.39398,7776144.0
TRKCM.IS,20160219,1.35438,1.37814,1.34646,1.3623,6716229.0
TRKCM.IS,20160218,1.3306200000000001,1.37814,1.3306200000000001,1.3623,11676887.0
TRKCM.IS,20160217,1.29894,1.33854,1.29102,1.33854,8600086.0
TRKCM.IS,20160216,1.3227,1.3306200000000001,1.29894,1.29894,7091128.0
TRKCM.IS,20160215,1.3306200000000001,1.33854,1.26726,1.3147799999999998,10759490.0
TRKCM.IS,20160212,1.34646,1.34646,1.3227,1.3227,6429212.0
TRKCM.IS,20160211,1.33854,1.35438,1.3227,1.3306200000000001,10983588.0
TRKCM.IS,20160210,1.3306200000000001,1.3623,1.3227,1.35438,9861799.0
TRKCM.IS,20160209,1.33854,1.35438,1.29894,1.3227,11023959.0
TRKCM.IS,20160208,1.41774,1.4335799999999999,1.34646,1.34646,9543279.0
TRKCM.IS,20160205,1.4415,1.4494200000000002,1.4019,1.40982,6194981.0
TRKCM.IS,20160204,1.39398,1.4415,1.38606,1.4335799999999999,15319039.0
TRKCM.IS,20160203,1.33854,1.37814,1.3306200000000001,1.37814,13456537.0
TRKCM.IS,20160202,1.34646,1.3623,1.33854,1.33854,9923392.0
TRKCM.IS,20160201,1.3306200000000001,1.34646,1.3227,1.33854,5246204.0
TRKCM.IS,20160129,1.3306200000000001,1.34646,1.3227,1.3306200000000001,6609465.0
TRKCM.IS,20160128,1.3147799999999998,1.3306200000000001,1.3068600000000001,1.3227,9059971.0
TRKCM.IS,20160127,1.3068600000000001,1.3306200000000001,1.29894,1.3068600000000001,12404895.0
TRKCM.IS,20160126,1.29102,1.3068600000000001,1.27518,1.3068600000000001,8695497.0
TRKCM.IS,20160125,1.3068600000000001,1.3227,1.29102,1.3068600000000001,7395110.0
TRKCM.IS,20160122,,,,,
TRKCM.IS,20160121,1.2831,1.29102,1.25142,1.27518,8581180.0
TRKCM.IS,20160120,1.3068600000000001,1.3147799999999998,1.27518,1.2831,11735762.0
TRKCM.IS,20160119,1.3306200000000001,1.33854,1.3147799999999998,1.3227,3559940.0
TRKCM.IS,20160118,1.3306200000000001,1.3306200000000001,1.3147799999999998,1.3227,3100440.0
TRKCM.IS,20160115,1.33854,1.34646,1.3147799999999998,1.3227,7659199.0
TRKCM.IS,20160114,1.3623,1.37022,1.3306200000000001,1.33854,5982872.0
TRKCM.IS,20160113,1.38606,1.38606,1.37022,1.37022,5994023.0
TRKCM.IS,20160112,1.33854,1.38606,1.3306200000000001,1.3623,10771228.0
TRKCM.IS,20160111,1.3227,1.3623,1.3147799999999998,1.34646,8595094.0
TRKCM.IS,20160108,1.35438,1.3623,1.3227,1.3306200000000001,5940018.0
TRKCM.IS,20160107,1.34646,1.35438,1.3068600000000001,1.34646,8055594.0
TRKCM.IS,20160106,1.37814,1.37814,1.35438,1.3623,6065299.0
TRKCM.IS,20160105,1.39398,1.4019,1.3623,1.38606,5438458.0
TRKCM.IS,20160104,1.41774,1.41774,1.3623,1.37814,6935979.0
TRKCM.IS,20160101,1.4335799999999999,1.4335799999999999,1.4335799999999999,1.4335799999999999,0.0
TRKCM.IS,20151231,1.4335799999999999,1.4415,1.42566,1.4335799999999999,1559494.0
TRKCM.IS,20151230,1.42566,1.4494200000000002,1.42566,1.4415,5928854.0
TRKCM.IS,20151229,1.4335799999999999,1.4494200000000002,1.42566,1.42566,7101022.0
TRKCM.IS,20151228,1.4335799999999999,1.4494200000000002,1.42566,1.4335799999999999,7330674.0
TRKCM.IS,20151225,1.42566,1.42566,1.40982,1.41774,1745134.0
TRKCM.IS,20151224,1.40982,1.4335799999999999,1.40982,1.41774,6952079.0
TRKCM.IS,20151223,1.37022,1.41774,1.37022,1.4019,13512208.0
TRKCM.IS,20151222,1.35438,1.37814,1.3306200000000001,1.37022,11849860.0
TRKCM.IS,20151221,1.33854,1.3623,1.33854,1.35438,5594660.0
TRKCM.IS,20151218,1.3623,1.37022,1.3306200000000001,1.3306200000000001,8576325.0
TRKCM.IS,20151217,1.3306200000000001,1.37022,1.3147799999999998,1.35438,11986165.0
TRKCM.IS,20151216,1.26726,1.3147799999999998,1.25934,1.3147799999999998,9533404.0
TRKCM.IS,20151215,1.2435,1.2831,1.23558,1.26726,9428453.0
TRKCM.IS,20151214,1.27518,1.29102,1.22765,1.22765,7337115.0
TRKCM.IS,20151211,1.29894,1.3068600000000001,1.25142,1.25934,7798061.0
TRKCM.IS,20151210,1.35438,1.3623,1.29102,1.29894,9947746.0
TRKCM.IS,20151209,1.3227,1.35438,1.3147799999999998,1.35438,6333880.0
TRKCM.IS,20151208,1.34646,1.35438,1.3147799999999998,1.3227,5472405.0
TRKCM.IS,20151207,1.37814,1.37814,1.34646,1.34646,7322647.0
TRKCM.IS,20151204,1.4019,1.40982,1.3306200000000001,1.34646,9966473.0
TRKCM.IS,20151203,1.41774,1.4335799999999999,1.39398,1.4019,3562308.0
TRKCM.IS,20151202,1.42566,1.4494200000000002,1.40982,1.41774,6910274.0
TRKCM.IS,20151201,1.40982,1.42566,1.39398,1.40982,4911710.0
TRKCM.IS,20151130,1.39398,1.40982,1.39398,1.39398,5189969.0
TRKCM.IS,20151127,1.38606,1.41774,1.37814,1.38606,7328774.0
TRKCM.IS,20151126,1.4019,1.40982,1.37022,1.39398,3626452.0
TRKCM.IS,20151125,1.40982,1.42566,1.4019,1.40982,4495705.0
TRKCM.IS,20151124,1.48111,1.49695,1.40982,1.4335799999999999,7875386.0
TRKCM.IS,20151123,1.53655,1.53655,1.5127899999999999,1.5127899999999999,2866964.0
TRKCM.IS,20151120,1.56031,1.56031,1.52863,1.53655,4876942.0
TRKCM.IS,20151119,1.56031,1.56031,1.53655,1.54447,3069876.0
TRKCM.IS,20151118,1.56823,1.56823,1.55239,1.55239,3039275.0
TRKCM.IS,20151117,1.58407,1.59199,1.56823,1.56823,5335958.0
TRKCM.IS,20151116,1.57615,1.58407,1.56823,1.57615,4885099.0
TRKCM.IS,20151113,1.58407,1.58407,1.56031,1.57615,4743959.0
TRKCM.IS,20151112,1.58407,1.58407,1.56823,1.57615,4403759.0
TRKCM.IS,20151111,1.57615,1.57615,1.55239,1.56031,6659193.0
TRKCM.IS,20151110,1.57615,1.58407,1.56823,1.56823,5259941.0
TRKCM.IS,20151109,1.64743,1.65535,1.6395099999999998,1.65535,1318368.0
TRKCM.IS,20151106,1.6315899999999999,1.6315899999999999,1.6078299999999999,1.61575,5037225.0
TRKCM.IS,20151105,1.6711900000000002,1.6791099999999999,1.64743,1.66327,5382800.0
TRKCM.IS,20151104,1.6791099999999999,1.7108,1.6791099999999999,1.70288,8356603.0
TRKCM.IS,20151103,1.6395099999999998,1.6711900000000002,1.6395099999999998,1.65535,7213180.0
TRKCM.IS,20151102,1.6315899999999999,1.66327,1.61575,1.64743,8022827.0
TRKCM.IS,20151030,1.5127899999999999,1.53655,1.5048700000000002,1.52863,3532642.0
TRKCM.IS,20151029,1.52863,1.52863,1.52863,1.52863,0.0
TRKCM.IS,20151028,1.52071,1.52863,1.5048700000000002,1.52863,1391909.0
TRKCM.IS,20151027,1.53655,1.53655,1.4890299999999999,1.5127899999999999,4878859.0
TRKCM.IS,20151026,1.59199,1.59199,1.56823,1.56823,3169323.0
TRKCM.IS,20151023,1.6078299999999999,1.61575,1.59199,1.6078299999999999,2471315.0
TRKCM.IS,20151022,1.6078299999999999,1.6236700000000002,1.59991,1.6078299999999999,2406962.0
TRKCM.IS,20151021,1.6078299999999999,1.61575,1.58407,1.6078299999999999,2583550.0
TRKCM.IS,20151020,1.61575,1.6395099999999998,1.6078299999999999,1.6236700000000002,6631127.0
TRKCM.IS,20151019,1.6078299999999999,1.6236700000000002,1.59199,1.59991,3927476.0
TRKCM.IS,20151016,1.59991,1.61575,1.57615,1.57615,3808982.0
TRKCM.IS,20151015,1.61575,1.6315899999999999,1.6078299999999999,1.6236700000000002,6043810.0
TRKCM.IS,20151014,1.59199,1.6078299999999999,1.58407,1.59991,6827278.0
TRKCM.IS,20151013,1.58407,1.59199,1.56823,1.57615,2997437.0
TRKCM.IS,20151012,1.56031,1.58407,1.56031,1.57615,5792478.0
TRKCM.IS,20151009,1.54447,1.57615,1.54447,1.55239,6772861.0
TRKCM.IS,20151008,1.56031,1.58407,1.55239,1.56823,3741852.0
TRKCM.IS,20151007,1.56823,1.58407,1.56031,1.56823,5037022.0
TRKCM.IS,20151006,1.54447,1.55239,1.52863,1.54447,2735913.0
TRKCM.IS,20151005,1.52071,1.53655,1.5127899999999999,1.52071,3120421.0
TRKCM.IS,20151002,1.47319,1.4890299999999999,1.4494200000000002,1.48111,3774064.0
TRKCM.IS,20151001,1.48111,1.49695,1.47319,1.4890299999999999,2174370.0
TRKCM.IS,20150930,1.48111,1.5048700000000002,1.47319,1.4890299999999999,3709829.0
TRKCM.IS,20150929,1.40982,1.46527,1.40982,1.46527,6015988.0
TRKCM.IS,20150928,1.4494200000000002,1.4494200000000002,1.42566,1.4335799999999999,3494761.0
TRKCM.IS,20150925,,,,,
TRKCM.IS,20150924,1.47319,1.47319,1.47319,1.47319,0.0
TRKCM.IS,20150923,1.4494200000000002,1.47319,1.4415,1.47319,2357777.0
TRKCM.IS,20150922,1.4573399999999999,1.4573399999999999,1.4415,1.4573399999999999,2204334.0
TRKCM.IS,20150921,1.4415,1.47319,1.4335799999999999,1.47319,3691887.0
TRKCM.IS,20150918,1.41774,1.4335799999999999,1.40982,1.41774,3808141.0
TRKCM.IS,20150917,1.4335799999999999,1.4494200000000002,1.41774,1.4335799999999999,2860657.0
TRKCM.IS,20150916,1.4335799999999999,1.4415,1.41774,1.4335799999999999,4166118.0
TRKCM.IS,20150915,1.37022,1.4335799999999999,1.37022,1.42566,7167819.0
TRKCM.IS,20150914,1.35438,1.37022,1.33854,1.37022,1693777.0
TRKCM.IS,20150911,1.3623,1.37022,1.35438,1.35438,3177557.0
TRKCM.IS,20150910,1.35438,1.3623,1.34646,1.3623,2077020.0
TRKCM.IS,20150909,1.3623,1.3623,1.35438,1.35438,733948.0
TRKCM.IS,20150908,1.3306200000000001,1.34646,1.3227,1.3306200000000001,1710819.0
TRKCM.IS,20150907,1.3306200000000001,1.33854,1.3227,1.3227,1574495.0
TRKCM.IS,20150904,1.3623,1.37022,1.35438,1.35438,1532630.0
TRKCM.IS,20150903,1.37022,1.37022,1.34646,1.3623,1988063.0
TRKCM.IS,20150902,1.37022,1.37814,1.3623,1.37814,1183214.0
TRKCM.IS,20150901,1.37022,1.37022,1.34646,1.37022,2291860.0
TRKCM.IS,20150831,1.37814,1.38606,1.37022,1.37814,2383927.0
TRKCM.IS,20150828,1.37814,1.37814,1.3623,1.3623,1429749.0
TRKCM.IS,20150827,1.38606,1.38606,1.37022,1.38606,1584527.0
TRKCM.IS,20150826,1.37022,1.38606,1.3623,1.37022,5752635.0
TRKCM.IS,20150825,1.3623,1.37814,1.35438,1.37814,2791350.0
TRKCM.IS,20150824,1.35438,1.35438,1.29102,1.33854,4244341.0
TRKCM.IS,20150821,1.37814,1.39398,1.37022,1.38606,1942850.0
TRKCM.IS,20150820,1.37022,1.40982,1.3623,1.40982,2770063.0
TRKCM.IS,20150819,1.4494200000000002,1.4494200000000002,1.40982,1.41774,3274084.0
TRKCM.IS,20150818,1.48111,1.4890299999999999,1.4415,1.4573399999999999,5389604.0
TRKCM.IS,20150817,1.49695,1.52071,1.4890299999999999,1.5127899999999999,2280857.0
TRKCM.IS,20150814,1.5048700000000002,1.52863,1.5048700000000002,1.52863,1062929.0
TRKCM.IS,20150813,1.5048700000000002,1.5127899999999999,1.4573399999999999,1.4890299999999999,2765966.0
TRKCM.IS,20150812,1.55239,1.56031,1.52863,1.53655,1377793.0
TRKCM.IS,20150811,1.57615,1.58407,1.56823,1.57615,1035775.0
TRKCM.IS,20150810,1.55239,1.56031,1.53655,1.54447,1231095.0
TRKCM.IS,20150807,1.59199,1.59991,1.56031,1.57615,4612057.0
TRKCM.IS,20150806,1.59991,1.6078299999999999,1.58407,1.6078299999999999,2127602.0
TRKCM.IS,20150805,1.59199,1.6236700000000002,1.58407,1.58407,2527984.0
TRKCM.IS,20150804,1.59991,1.6078299999999999,1.56823,1.59991,2247117.0
TRKCM.IS,20150803,1.6078299999999999,1.61575,1.59199,1.59991,1353190.0
TRKCM.IS,20150731,1.59199,1.6315899999999999,1.59199,1.6236700000000002,4373840.0
TRKCM.IS,20150730,1.56031,1.59199,1.56031,1.57615,1888617.0
TRKCM.IS,20150729,1.56031,1.57615,1.56031,1.56823,1691837.0
TRKCM.IS,20150728,1.56823,1.59199,1.56031,1.56031,4694191.0
TRKCM.IS,20150727,1.56823,1.56823,1.53655,1.55239,2254214.0
TRKCM.IS,20150724,1.57615,1.59991,1.56823,1.57615,2273458.0
TRKCM.IS,20150723,1.6395099999999998,1.64743,1.55239,1.56823,4238486.0
TRKCM.IS,20150722,1.64743,1.66327,1.6395099999999998,1.65535,7931924.0
TRKCM.IS,20150721,1.64743,1.6949599999999998,1.64743,1.68704,5151039.0
TRKCM.IS,20150720,1.65535,1.6711900000000002,1.6315899999999999,1.65535,6961345.0
TRKCM.IS,20150717,1.70288,1.70288,1.70288,1.70288,0.0
TRKCM.IS,20150716,1.7266400000000002,1.7345599999999999,1.6949599999999998,1.70288,3355530.0
TRKCM.IS,20150715,1.74248,1.7504,1.71872,1.71872,2219286.0
TRKCM.IS,20150714,1.77416,1.77416,1.7266400000000002,1.74248,4997025.0
TRKCM.IS,20150713,1.77416,1.77416,1.7504,1.75832,3615215.0
TRKCM.IS,20150710,1.77416,1.7820799999999999,1.7504,1.7504,3182729.0
TRKCM.IS,20150709,1.7662400000000003,1.77416,1.75832,1.7662400000000003,3423842.0
TRKCM.IS,20150708,1.8058400000000001,1.8058400000000001,1.7504,1.7504,2737480.0
TRKCM.IS,20150707,1.85336,1.85336,1.8058400000000001,1.8058400000000001,3201372.0
TRKCM.IS,20150706,1.83752,1.8454400000000002,1.8137599999999998,1.82168,2567565.0
TRKCM.IS,20150703,1.8454400000000002,1.85336,1.8296,1.85336,438243.0
TRKCM.IS,20150702,1.8115299999999999,1.83769,1.80499,1.8246099999999998,1990435.0
TRKCM.IS,20150701,1.8573099999999998,1.8573099999999998,1.8246099999999998,1.8246099999999998,1776141.0
TRKCM.IS,20150630,1.83769,1.83769,1.80499,1.83115,1757225.0
TRKCM.IS,20150629,1.83769,1.85077,1.8115299999999999,1.81807,2294048.0
TRKCM.IS,20150626,1.87693,1.8900099999999997,1.8703900000000002,1.88347,1644500.0
TRKCM.IS,20150625,1.9161700000000002,1.9161700000000002,1.86385,1.87693,4821704.0
TRKCM.IS,20150624,1.89655,1.9161700000000002,1.8900099999999997,1.9161700000000002,2033395.0
TRKCM.IS,20150623,1.9030900000000002,1.9030900000000002,1.8703900000000002,1.8900099999999997,1647532.0
TRKCM.IS,20150622,1.9161700000000002,1.9161700000000002,1.88347,1.9030900000000002,2166920.0
TRKCM.IS,20150619,1.8900099999999997,1.92271,1.8900099999999997,1.92271,1900113.0
TRKCM.IS,20150618,1.8246099999999998,1.8703900000000002,1.81807,1.86385,2818462.0
TRKCM.IS,20150617,1.8115299999999999,1.8246099999999998,1.79845,1.81807,2448741.0
TRKCM.IS,20150616,1.7853700000000001,1.8246099999999998,1.7853700000000001,1.81807,2547644.0
TRKCM.IS,20150615,1.83769,1.83769,1.77883,1.80499,1844544.0
TRKCM.IS,20150612,1.87693,1.87693,1.8573099999999998,1.8703900000000002,280269.0
TRKCM.IS,20150611,1.8246099999999998,1.89655,1.8246099999999998,1.88347,3553583.0
TRKCM.IS,20150610,1.8115299999999999,1.8573099999999998,1.80499,1.84423,3003919.0
TRKCM.IS,20150609,1.76575,1.80499,1.76575,1.80499,1505489.0
TRKCM.IS,20150608,1.7068900000000002,1.75921,1.7068900000000002,1.75921,1252837.0
TRKCM.IS,20150605,1.89655,1.89655,1.87693,1.87693,852612.0
TRKCM.IS,20150604,1.89655,1.90963,1.8900099999999997,1.8900099999999997,1983626.0
TRKCM.IS,20150603,1.90963,1.94233,1.9030900000000002,1.9357900000000001,4092663.0
TRKCM.IS,20150602,1.9161700000000002,1.94233,1.9030900000000002,1.90963,3673840.0
TRKCM.IS,20150601,1.9881099999999998,1.99465,1.9030900000000002,1.92925,2259635.0
TRKCM.IS,20150529,2.04042,2.07312,2.02734,2.02734,2061048.0
TRKCM.IS,20150528,2.07312,2.09274,2.06658,2.0862,1320369.0
TRKCM.IS,20150527,2.04696,2.09928,2.04042,2.09928,2098870.0
TRKCM.IS,20150526,2.04042,2.07312,2.03388,2.07312,1643569.0
TRKCM.IS,20150525,2.06658,2.06658,2.03388,2.03388,1570309.0
TRKCM.IS,20150522,2.09274,2.11236,2.07966,2.0862,2320051.0
TRKCM.IS,20150521,2.1189,2.12544,2.10582,2.10582,2255583.0
TRKCM.IS,20150520,2.12544,2.13198,2.11236,2.1189,3213924.0
TRKCM.IS,20150519,2.1516,2.1516,2.1516,2.1516,0.0
TRKCM.IS,20150518,2.13852,2.1516,2.13198,2.1516,2386880.0
TRKCM.IS,20150515,2.13198,2.13852,2.11236,2.12544,3848916.0
TRKCM.IS,20150514,2.10582,2.13852,2.09928,2.12544,5126613.0
TRKCM.IS,20150513,2.09928,2.1189,2.09274,2.09928,2437433.0
TRKCM.IS,20150512,2.0862,2.11236,2.07966,2.10582,848164.0
TRKCM.IS,20150511,2.1189,2.1189,2.09274,2.09928,1669284.0
TRKCM.IS,20150508,2.07966,2.12544,2.0600400000000003,2.12544,2377173.0
TRKCM.IS,20150507,2.04696,2.0862,2.04696,2.0862,2685509.0
TRKCM.IS,20150506,2.10582,2.11236,2.0862,2.09928,1650335.0
TRKCM.IS,20150505,2.09928,2.09928,2.07312,2.07966,1087149.0
TRKCM.IS,20150504,2.09274,2.09274,2.04696,2.09274,2623120.0
TRKCM.IS,20150501,2.10582,2.10582,2.10582,2.10582,0.0
TRKCM.IS,20150430,2.1189,2.1189,2.07966,2.10582,1860286.0
TRKCM.IS,20150429,2.13852,2.14506,2.11236,2.13852,2349380.0
TRKCM.IS,20150428,2.1516,2.1516,2.11236,2.1189,2713861.0
TRKCM.IS,20150427,2.14506,2.1516,2.13198,2.14506,2724193.0
TRKCM.IS,20150424,2.11236,2.1516,2.10582,2.12544,4027152.0
TRKCM.IS,20150423,2.13852,2.13852,2.13852,2.13852,0.0
TRKCM.IS,20150422,2.1777599999999997,2.1777599999999997,2.12544,2.13852,2606595.0
TRKCM.IS,20150421,2.13198,2.17122,2.13198,2.17122,3967533.0
TRKCM.IS,20150420,2.1189,2.13852,2.09928,2.11236,1739610.0
TRKCM.IS,20150417,2.09274,2.09928,2.07312,2.09274,1980907.0
TRKCM.IS,20150416,2.06658,2.0862,2.06658,2.07312,2215594.0
TRKCM.IS,20150415,2.07966,2.09274,2.04696,2.07312,2112958.0
TRKCM.IS,20150414,2.04042,2.09928,2.02734,2.09274,3459365.0
TRKCM.IS,20150413,2.09274,2.09274,2.04696,2.09274,1549490.0
TRKCM.IS,20150410,2.10582,2.10582,2.0600400000000003,2.0862,1712442.0
TRKCM.IS,20150409,2.0862,2.13198,2.0862,2.11236,2609877.0
TRKCM.IS,20150408,2.0535,2.07312,2.04042,2.06658,4956945.0
TRKCM.IS,20150407,2.04042,2.09274,2.03388,2.0535,4932672.0
TRKCM.IS,20150406,2.02734,2.07966,1.99465,2.06658,3777306.0
TRKCM.IS,20150403,1.9750299999999998,2.0142700000000002,1.9750299999999998,2.00773,2303289.0
TRKCM.IS,20150402,1.98157,1.99465,1.96849,1.9881099999999998,3636900.0
TRKCM.IS,20150401,1.9161700000000002,1.9357900000000001,1.9161700000000002,1.92271,4429045.0
TRKCM.IS,20150331,1.94233,1.94233,1.94233,1.94233,1339799.0
TRKCM.IS,20150330,1.9357900000000001,1.94887,1.92271,1.94233,2784808.0
TRKCM.IS,20150327,1.9030900000000002,1.9357900000000001,1.9030900000000002,1.92271,1605866.0
TRKCM.IS,20150326,1.90963,1.94233,1.89655,1.94233,2300928.0
TRKCM.IS,20150325,1.96195,1.99465,1.94887,1.96849,4204304.0
TRKCM.IS,20150324,1.98157,1.9881099999999998,1.9554099999999999,1.9554099999999999,2252534.0
TRKCM.IS,20150323,2.0142700000000002,2.02734,2.00773,2.02081,2119180.0
TRKCM.IS,20150320,1.94887,1.99465,1.94887,1.9750299999999998,2355561.0
TRKCM.IS,20150319,1.9750299999999998,1.98157,1.94887,1.96195,2273459.0
TRKCM.IS,20150318,1.89655,1.90963,1.88347,1.89655,2063628.0
TRKCM.IS,20150317,1.9030900000000002,1.92925,1.89655,1.9161700000000002,4319694.0
TRKCM.IS,20150316,1.8900099999999997,1.90963,1.8703900000000002,1.87693,2912561.0
TRKCM.IS,20150313,1.9030900000000002,1.92925,1.85077,1.8900099999999997,4749023.0
TRKCM.IS,20150312,1.96849,2.0011900000000002,1.94887,1.98157,3124797.0
TRKCM.IS,20150311,1.96849,1.9881099999999998,1.89655,1.9750299999999998,4653557.0
TRKCM.IS,20150310,2.00773,2.0142700000000002,1.94233,1.94887,5113567.0
TRKCM.IS,20150309,2.11236,2.11236,2.07966,2.07966,1097488.0
TRKCM.IS,20150306,2.07312,2.14506,2.07312,2.0862,5770059.0
TRKCM.IS,20150305,2.0862,2.12544,2.0600400000000003,2.09274,3701729.0
TRKCM.IS,20150304,2.1843,2.1843,2.13852,2.13852,4903109.0
TRKCM.IS,20150303,2.2235400000000003,2.23008,2.1843,2.2235400000000003,7079337.0
TRKCM.IS,20150302,2.3151,2.3151,2.26932,2.2824,3825770.0
TRKCM.IS,20150227,2.39358,2.40665,2.37396,2.40665,1586358.0
TRKCM.IS,20150226,2.41973,2.41973,2.3805,2.3805,694869.0
TRKCM.IS,20150225,2.42627,2.43281,2.37396,2.4001099999999997,1593766.0
TRKCM.IS,20150224,2.40665,2.42627,2.37396,2.42627,1841935.0
TRKCM.IS,20150223,2.41973,2.43281,2.41319,2.41973,1765153.0
TRKCM.IS,20150220,2.39358,2.43935,2.35434,2.43935,2154951.0
TRKCM.IS,20150219,2.42627,2.42627,2.35434,2.40665,3791592.0
TRKCM.IS,20150218,2.3151,2.3478,2.3151,2.3412599999999997,2033415.0
TRKCM.IS,20150217,2.32164,2.35434,2.32164,2.32164,1191964.0
TRKCM.IS,20150216,2.35434,2.36088,2.3412599999999997,2.3412599999999997,1531569.0
TRKCM.IS,20150213,2.32164,2.36742,2.32164,2.36742,1666525.0
TRKCM.IS,20150212,2.26278,2.32164,2.2366200000000003,2.30856,3684800.0
TRKCM.IS,20150211,2.2366200000000003,2.2824,2.2366200000000003,2.2824,862103.0
TRKCM.IS,20150210,2.24316,2.24316,2.19084,2.217,1994157.0
TRKCM.IS,20150209,2.1843,2.24316,2.1843,2.23008,1344336.0
TRKCM.IS,20150206,2.30856,2.32818,2.2497,2.26932,1343746.0
TRKCM.IS,20150205,2.32164,2.32164,2.2758599999999998,2.32164,1713860.0
TRKCM.IS,20150204,2.3412599999999997,2.3478,2.29548,2.29548,849651.0
TRKCM.IS,20150203,2.35434,2.36742,2.32164,2.32818,1449133.0
TRKCM.IS,20150202,2.32818,2.35434,2.32818,2.35434,1149427.0
TRKCM.IS,20150130,2.32818,2.35434,2.30856,2.35434,1935942.0
TRKCM.IS,20150129,2.33472,2.3412599999999997,2.28894,2.29548,3596562.0
TRKCM.IS,20150128,2.36742,2.40665,2.35434,2.36088,3815928.0
TRKCM.IS,20150127,2.35434,2.36088,2.32818,2.33472,1023748.0
TRKCM.IS,20150126,2.30856,2.3805,2.30202,2.36742,2420607.0
TRKCM.IS,20150123,2.30856,2.32164,2.29548,2.30202,1553507.0
TRKCM.IS,20150122,2.25624,2.26932,2.24316,2.26278,4118234.0
TRKCM.IS,20150121,2.2366200000000003,2.2497,2.2235400000000003,2.24316,5025771.0
TRKCM.IS,20150120,2.24316,2.2758599999999998,2.2366200000000003,2.2497,4675150.0
TRKCM.IS,20150119,2.24316,2.25624,2.24316,2.24316,786422.0
TRKCM.IS,20150116,2.26278,2.26278,2.19738,2.217,3489127.0
TRKCM.IS,20150115,2.28894,2.29548,2.25624,2.26278,1632083.0
TRKCM.IS,20150114,2.3151,2.32164,2.26278,2.28894,1933632.0
TRKCM.IS,20150113,2.3151,2.36088,2.30856,2.32818,3496288.0
TRKCM.IS,20150112,2.32818,2.32818,2.29548,2.30856,1699482.0
TRKCM.IS,20150109,2.32818,2.36088,2.30856,2.30856,1707722.0
TRKCM.IS,20150108,2.30856,2.30856,2.26278,2.26278,2574981.0
TRKCM.IS,20150107,2.30856,2.33472,2.28894,2.28894,2282678.0
TRKCM.IS,20150106,2.28894,2.30856,2.2824,2.30856,1192451.0
TRKCM.IS,20150105,2.30202,2.3412599999999997,2.30202,2.32164,3337237.0
TRKCM.IS,20150102,2.2824,2.29548,2.2758599999999998,2.2824,904945.0
TRKCM.IS,20150101,2.2497,2.2497,2.2497,2.2497,0.0
TRKCM.IS,20141231,2.2497,2.3412599999999997,2.2497,2.2497,1821754.0
TRKCM.IS,20141230,2.29548,2.30202,2.26932,2.28894,854269.0
TRKCM.IS,20141229,2.26932,2.29548,2.25624,2.2758599999999998,553894.0
TRKCM.IS,20141226,2.28894,2.29548,2.2758599999999998,2.28894,490278.0
TRKCM.IS,20141225,2.26278,2.26932,2.2497,2.2497,140096.0
TRKCM.IS,20141224,2.2824,2.29548,2.217,2.26932,3137701.0
TRKCM.IS,20141223,2.23008,2.2824,2.2235400000000003,2.26278,3040423.0
TRKCM.IS,20141222,2.19084,2.23008,2.19084,2.217,6161514.0
TRKCM.IS,20141219,2.1189,2.15814,2.09928,2.1516,1078656.0
TRKCM.IS,20141218,2.14506,2.1646799999999997,2.13852,2.15814,655125.0
TRKCM.IS,20141217,2.06658,2.1189,2.06658,2.10582,1924701.0
TRKCM.IS,20141216,2.11236,2.11236,2.02081,2.09928,3452349.0
TRKCM.IS,20141215,2.14506,2.17122,2.13852,2.1516,788778.0
TRKCM.IS,20141212,2.1843,2.19738,2.1516,2.15814,1244344.0
TRKCM.IS,20141211,2.20392,2.21046,2.15814,2.17122,784335.0
TRKCM.IS,20141210,2.19084,2.217,2.1843,2.20392,3291080.0
TRKCM.IS,20141209,2.15814,2.1646799999999997,2.12544,2.13852,3844802.0
TRKCM.IS,20141208,2.1646799999999997,2.1843,2.14506,2.17122,979257.0
TRKCM.IS,20141205,2.1777599999999997,2.19084,2.13198,2.1516,1875045.0
TRKCM.IS,20141204,2.13198,2.13198,2.13198,2.13198,7615558.0
TRKCM.IS,20141203,2.10582,2.10582,2.10582,2.10582,17095033.0
TRKCM.IS,20141202,2.12544,2.12544,2.12544,2.12544,83427242.0
TRKCM.IS,20141201,2.07966,2.07966,2.07966,2.07966,25649919.0
TRKCM.IS,20141128,2.06658,2.07966,2.0600400000000003,2.07966,1683535.0
TRKCM.IS,20141127,2.06658,2.09274,2.0600400000000003,2.07312,960784.0
TRKCM.IS,20141126,2.07312,2.07966,2.0600400000000003,2.0600400000000003,1229553.0
TRKCM.IS,20141125,2.0535,2.0862,2.0535,2.0862,1557504.0
TRKCM.IS,20141124,2.0535,2.0535,2.00773,2.02734,1588962.0
TRKCM.IS,20141121,2.06658,2.07312,2.04696,2.0600400000000003,1588032.0
TRKCM.IS,20141120,2.04696,2.0600400000000003,2.03388,2.04696,926799.0
TRKCM.IS,20141119,2.04042,2.06658,2.03388,2.03388,7277658.0
TRKCM.IS,20141118,1.96195,1.99465,1.94887,1.9881099999999998,1891507.0
TRKCM.IS,20141117,1.9750299999999998,1.9750299999999998,1.94233,1.94887,2688981.0
TRKCM.IS,20141114,1.99465,2.02081,1.98157,2.0011900000000002,2903940.0
TRKCM.IS,20141113,1.9750299999999998,2.00773,1.96195,1.99465,3654301.0
TRKCM.IS,20141112,1.9161700000000002,1.92925,1.9030900000000002,1.92925,2084112.0
TRKCM.IS,20141111,1.8900099999999997,1.90963,1.8900099999999997,1.9030900000000002,1805340.0
TRKCM.IS,20141110,1.90963,1.90963,1.86385,1.8900099999999997,3759423.0
TRKCM.IS,20141107,1.90963,1.9161700000000002,1.89655,1.9030900000000002,2046233.0
TRKCM.IS,20141106,1.88347,1.89655,1.85077,1.86385,1770635.0
TRKCM.IS,20141105,1.92271,1.94233,1.8703900000000002,1.8703900000000002,1837577.0
TRKCM.IS,20141104,1.90963,1.92271,1.89655,1.92271,2159875.0
TRKCM.IS,20141103,1.92271,1.92925,1.9030900000000002,1.9161700000000002,3214028.0
TRKCM.IS,20141031,1.90963,1.92271,1.88347,1.90963,3600688.0
TRKCM.IS,20141030,1.8703900000000002,1.9161700000000002,1.85077,1.9030900000000002,3940511.0
TRKCM.IS,20141029,1.87693,1.87693,1.87693,1.87693,0.0
TRKCM.IS,20141028,1.87693,1.8900099999999997,1.8703900000000002,1.87693,1512127.0
TRKCM.IS,20141027,1.8573099999999998,1.88347,1.84423,1.86385,5599259.0
TRKCM.IS,20141024,1.88347,1.8900099999999997,1.85077,1.85077,2066333.0
TRKCM.IS,20141023,1.8703900000000002,1.89655,1.86385,1.8703900000000002,3882163.0
TRKCM.IS,20141022,1.74613,1.80499,1.74613,1.79845,8549532.0
TRKCM.IS,20141021,1.7526700000000002,1.75921,1.7395900000000002,1.7526700000000002,2764190.0
TRKCM.IS,20141020,1.71997,1.75921,1.71997,1.74613,3447991.0
TRKCM.IS,20141017,1.7068900000000002,1.7265099999999998,1.70035,1.70035,4034395.0
TRKCM.IS,20141016,1.68727,1.6938099999999998,1.6611099999999999,1.6938099999999998,1100761.0
TRKCM.IS,20141015,1.7265099999999998,1.7265099999999998,1.70035,1.71997,3132380.0
TRKCM.IS,20141014,1.6938099999999998,1.7265099999999998,1.68727,1.7068900000000002,1829761.0
TRKCM.IS,20141013,1.6807299999999998,1.70035,1.6807299999999998,1.68727,3309449.0
TRKCM.IS,20141010,1.65458,1.67419,1.63496,1.67419,1842073.0
TRKCM.IS,20141009,1.66765,1.6938099999999998,1.6611099999999999,1.6938099999999998,2387690.0
TRKCM.IS,20141008,1.62842,1.63496,1.59572,1.63496,2643871.0
TRKCM.IS,20141007,1.6938099999999998,1.6938099999999998,1.6938099999999998,1.6938099999999998,0.0
TRKCM.IS,20141006,1.6938099999999998,1.6938099999999998,1.6938099999999998,1.6938099999999998,0.0
TRKCM.IS,20141003,1.6938099999999998,1.6938099999999998,1.65458,1.6611099999999999,1645352.0
TRKCM.IS,20141002,1.68727,1.7068900000000002,1.6807299999999998,1.6938099999999998,2834568.0
TRKCM.IS,20141001,1.67419,1.6807299999999998,1.6611099999999999,1.66765,1265455.0
TRKCM.IS,20140930,1.65458,1.66765,1.6415,1.66765,3061063.0
TRKCM.IS,20140929,1.6807299999999998,1.68727,1.6611099999999999,1.68727,1303830.0
TRKCM.IS,20140926,1.6807299999999998,1.7068900000000002,1.6611099999999999,1.7068900000000002,2923596.0
TRKCM.IS,20140925,1.66765,1.67419,1.6415,1.67419,2358373.0
TRKCM.IS,20140924,1.71343,1.71997,1.67419,1.6938099999999998,5485462.0
TRKCM.IS,20140923,1.73305,1.73305,1.7068900000000002,1.71997,4457223.0
TRKCM.IS,20140922,1.71997,1.71997,1.7068900000000002,1.71997,1634760.0
TRKCM.IS,20140919,1.71343,1.7265099999999998,1.71343,1.71343,1635243.0
TRKCM.IS,20140918,1.73305,1.7395900000000002,1.7068900000000002,1.71997,4025186.0
TRKCM.IS,20140917,1.75921,1.75921,1.74613,1.74613,2238232.0
TRKCM.IS,20140916,1.7265099999999998,1.7395900000000002,1.7265099999999998,1.7265099999999998,1141240.0
TRKCM.IS,20140915,1.71997,1.74613,1.71997,1.7265099999999998,4725671.0
TRKCM.IS,20140912,1.73305,1.74613,1.7068900000000002,1.7068900000000002,2568732.0
TRKCM.IS,20140911,1.7265099999999998,1.73305,1.70035,1.73305,2985986.0
TRKCM.IS,20140910,1.71997,1.7265099999999998,1.7068900000000002,1.71997,1584483.0
TRKCM.IS,20140909,1.73305,1.7395900000000002,1.7068900000000002,1.7068900000000002,2482514.0
TRKCM.IS,20140908,1.73305,1.74613,1.7265099999999998,1.7395900000000002,4186107.0
TRKCM.IS,20140905,1.75921,1.7722900000000001,1.74613,1.74613,6979218.0
TRKCM.IS,20140904,1.7722900000000001,1.79191,1.75921,1.79191,3706174.0
TRKCM.IS,20140903,1.75921,1.77883,1.7526700000000002,1.76575,4231661.0
TRKCM.IS,20140902,1.73305,1.74613,1.7265099999999998,1.74613,1969697.0
TRKCM.IS,20140901,1.74613,1.7526700000000002,1.7395900000000002,1.74613,2050927.0
TRKCM.IS,20140829,1.75921,1.75921,1.7265099999999998,1.73305,2787632.0
TRKCM.IS,20140828,1.7265099999999998,1.7395900000000002,1.71997,1.7395900000000002,3094272.0
TRKCM.IS,20140827,1.74613,1.74613,1.7265099999999998,1.74613,3916489.0
TRKCM.IS,20140826,1.7526700000000002,1.75921,1.7395900000000002,1.74613,3328759.0
TRKCM.IS,20140825,1.73305,1.73305,1.7265099999999998,1.7265099999999998,1321412.0
TRKCM.IS,20140822,1.71343,1.73305,1.7068900000000002,1.73305,2739568.0
TRKCM.IS,20140821,1.73305,1.74613,1.71997,1.73305,3059172.0
TRKCM.IS,20140820,1.73305,1.7526700000000002,1.7265099999999998,1.74613,2281163.0
TRKCM.IS,20140819,1.76575,1.77883,1.75921,1.75921,3679970.0
TRKCM.IS,20140818,1.7722900000000001,1.79191,1.7722900000000001,1.77883,2085740.0
TRKCM.IS,20140815,1.77883,1.79191,1.74613,1.7526700000000002,2085890.0
TRKCM.IS,20140814,1.76575,1.77883,1.7526700000000002,1.76575,2192734.0
TRKCM.IS,20140813,1.71343,1.79191,1.70035,1.7853700000000001,3104924.0
TRKCM.IS,20140812,1.71997,1.7265099999999998,1.70035,1.71343,1485605.0
TRKCM.IS,20140811,1.7395900000000002,1.74613,1.70035,1.70035,2315335.0
TRKCM.IS,20140808,1.7526700000000002,1.7722900000000001,1.7265099999999998,1.7395900000000002,1861671.0
TRKCM.IS,20140807,1.75921,1.75921,1.7395900000000002,1.74613,1034346.0
TRKCM.IS,20140806,1.7265099999999998,1.75921,1.71343,1.7395900000000002,1581077.0
TRKCM.IS,20140805,1.79845,1.79845,1.7526700000000002,1.76575,2520305.0
TRKCM.IS,20140804,1.80499,1.81807,1.7853700000000001,1.80499,1330073.0
TRKCM.IS,20140801,1.7853700000000001,1.80499,1.7722900000000001,1.80499,2457021.0
TRKCM.IS,20140731,1.80499,1.8115299999999999,1.75921,1.77883,4298653.0
TRKCM.IS,20140730,1.8246099999999998,1.8246099999999998,1.8246099999999998,1.8246099999999998,0.0
TRKCM.IS,20140729,1.8246099999999998,1.8246099999999998,1.8246099999999998,1.8246099999999998,0.0
TRKCM.IS,20140728,1.8246099999999998,1.8246099999999998,1.8246099999999998,1.8246099999999998,0.0
TRKCM.IS,20140725,1.79845,1.83115,1.79845,1.8246099999999998,2818076.0
TRKCM.IS,20140724,1.83769,1.84423,1.81807,1.8246099999999998,1392827.0
TRKCM.IS,20140723,1.83769,1.84423,1.8246099999999998,1.8246099999999998,1079081.0
TRKCM.IS,20140722,1.81807,1.84423,1.81807,1.8246099999999998,4538727.0
TRKCM.IS,20140721,1.83115,1.84423,1.80499,1.80499,3526770.0
TRKCM.IS,20140718,1.79845,1.81807,1.7853700000000001,1.8115299999999999,2499802.0
TRKCM.IS,20140717,1.79191,1.8115299999999999,1.7722900000000001,1.79191,2457105.0
TRKCM.IS,20140716,1.8115299999999999,1.8115299999999999,1.79191,1.8115299999999999,3128667.0
TRKCM.IS,20140715,1.74613,1.80499,1.7395900000000002,1.79845,8771438.0
TRKCM.IS,20140714,1.7853700000000001,1.79191,1.77883,1.7853700000000001,2335436.0
TRKCM.IS,20140711,1.7395900000000002,1.76575,1.73305,1.7526700000000002,3501571.0
TRKCM.IS,20140710,1.7068900000000002,1.74613,1.6938099999999998,1.7265099999999998,6687614.0
TRKCM.IS,20140709,1.70035,1.70035,1.6807299999999998,1.68727,1432667.0
TRKCM.IS,20140708,1.71343,1.73305,1.68727,1.68727,5876809.0
TRKCM.IS,20140707,1.71343,1.71997,1.6938099999999998,1.7068900000000002,4225596.0
TRKCM.IS,20140704,1.62106,1.68389,1.6147799999999999,1.68389,10666292.0
TRKCM.IS,20140703,1.58336,1.5959299999999998,1.5708,1.5959299999999998,5127391.0
TRKCM.IS,20140702,1.58965,1.6022100000000001,1.57708,1.5959299999999998,2763168.0
TRKCM.IS,20140701,1.62735,1.63363,1.58336,1.58965,3182112.0
TRKCM.IS,20140630,1.6085,1.62735,1.5959299999999998,1.5959299999999998,2912249.0
TRKCM.IS,20140627,1.58965,1.5959299999999998,1.58336,1.5959299999999998,1219467.0
TRKCM.IS,20140626,1.56451,1.5959299999999998,1.55823,1.56451,2219422.0
TRKCM.IS,20140625,1.58336,1.6147799999999999,1.5708,1.6022100000000001,3303246.0
TRKCM.IS,20140624,1.6147799999999999,1.6147799999999999,1.5959299999999998,1.6022100000000001,1772362.0
TRKCM.IS,20140623,1.6147799999999999,1.62106,1.6022100000000001,1.6022100000000001,1266579.0
TRKCM.IS,20140620,1.5959299999999998,1.6147799999999999,1.5959299999999998,1.5959299999999998,1692321.0
TRKCM.IS,20140619,1.62106,1.6399099999999998,1.5959299999999998,1.6147799999999999,3248492.0
TRKCM.IS,20140618,1.58965,1.62735,1.58965,1.62106,4507230.0
TRKCM.IS,20140617,1.58336,1.62106,1.57708,1.58336,6934293.0
TRKCM.IS,20140616,1.58965,1.58965,1.56451,1.56451,1693397.0
TRKCM.IS,20140613,1.63363,1.63363,1.5959299999999998,1.62106,3446955.0
TRKCM.IS,20140612,1.5959299999999998,1.6399099999999998,1.5959299999999998,1.6399099999999998,5002380.0
TRKCM.IS,20140611,1.64619,1.64619,1.58336,1.58336,4915012.0
TRKCM.IS,20140610,1.6587599999999998,1.67133,1.63363,1.6587599999999998,5250886.0
TRKCM.IS,20140609,1.66504,1.68389,1.6587599999999998,1.68389,4666166.0
TRKCM.IS,20140606,1.58336,1.63363,1.57708,1.6147799999999999,11239689.0
TRKCM.IS,20140605,1.53938,1.5708,1.52681,1.55823,6982754.0
TRKCM.IS,20140604,1.5331,1.54566,1.52053,1.52053,1889296.0
TRKCM.IS,20140603,1.5331,1.53938,1.52053,1.53938,2470885.0
TRKCM.IS,20140602,1.53938,1.54566,1.52053,1.52053,1876695.0
TRKCM.IS,20140530,1.5331,1.54566,1.52681,1.52681,2893785.0
TRKCM.IS,20140529,1.55195,1.55823,1.54566,1.55195,962214.0
TRKCM.IS,20140528,1.55823,1.5708,1.53938,1.54566,5294526.0
TRKCM.IS,20140527,1.54566,1.55195,1.5331,1.53938,3325308.0
TRKCM.IS,20140526,1.55823,1.56451,1.54566,1.55195,4298133.0
TRKCM.IS,20140523,1.52681,1.5331,1.52053,1.5331,2602070.0
TRKCM.IS,20140522,1.50796,1.53938,1.50796,1.5331,6052064.0
TRKCM.IS,20140521,1.51425,1.52053,1.50796,1.50796,2730397.0
TRKCM.IS,20140520,1.50168,1.52053,1.4954,1.52053,2072738.0
TRKCM.IS,20140519,1.50168,1.50168,1.50168,1.50168,0.0
TRKCM.IS,20140516,1.4828299999999999,1.50796,1.47655,1.50168,2110573.0
TRKCM.IS,20140515,1.51425,1.52053,1.48911,1.48911,2145642.0
TRKCM.IS,20140514,1.54566,1.54566,1.51425,1.52053,3582062.0
TRKCM.IS,20140513,1.55195,1.55823,1.54566,1.55195,1188706.0
TRKCM.IS,20140512,1.5708,1.58336,1.55195,1.5708,4019133.0
TRKCM.IS,20140509,1.5331,1.54566,1.5331,1.54566,1943990.0
TRKCM.IS,20140508,1.52053,1.53938,1.52053,1.52053,2246257.0
TRKCM.IS,20140507,1.52053,1.52681,1.50168,1.50796,3176285.0
TRKCM.IS,20140506,1.52681,1.53938,1.52053,1.5331,3118872.0
TRKCM.IS,20140505,1.52681,1.52681,1.50796,1.52681,2745778.0
TRKCM.IS,20140502,1.52053,1.5331,1.51425,1.52681,2876141.0
TRKCM.IS,20140501,1.50796,1.50796,1.50796,1.50796,0.0
TRKCM.IS,20140430,1.52053,1.5331,1.50796,1.50796,3162912.0
TRKCM.IS,20140429,1.52053,1.5331,1.4954,1.4954,4108330.0
TRKCM.IS,20140428,1.48911,1.50796,1.47655,1.4954,3051051.0
TRKCM.IS,20140425,1.48911,1.4954,1.4639799999999998,1.47027,3206014.0
TRKCM.IS,20140424,1.50168,1.50168,1.47027,1.47655,2308413.0
TRKCM.IS,20140423,1.4828299999999999,1.4828299999999999,1.4828299999999999,1.4828299999999999,0.0
TRKCM.IS,20140422,1.47655,1.48911,1.4639799999999998,1.4828299999999999,4726781.0
TRKCM.IS,20140421,1.44513,1.47655,1.43885,1.4639799999999998,5074649.0
TRKCM.IS,20140418,1.43885,1.4577,1.4325700000000001,1.44513,5183960.0
TRKCM.IS,20140417,1.40115,1.42,1.40115,1.41372,3691401.0
TRKCM.IS,20140416,1.40743,1.40743,1.38858,1.39487,2340458.0
TRKCM.IS,20140415,1.4325700000000001,1.43885,1.40743,1.40743,1422307.0
TRKCM.IS,20140414,1.38858,1.42628,1.38858,1.42,3910138.0
TRKCM.IS,20140411,1.3823,1.39487,1.37602,1.38858,1579387.0
TRKCM.IS,20140410,1.40115,1.40743,1.39487,1.40743,3563773.0
TRKCM.IS,20140409,1.40115,1.40743,1.37602,1.3823,3268441.0
TRKCM.IS,20140408,1.40743,1.41372,1.38858,1.39487,2867864.0
TRKCM.IS,20140407,1.39487,1.39487,1.37602,1.3823,1840921.0
TRKCM.IS,20140404,1.37602,1.38858,1.36973,1.36973,2357852.0
TRKCM.IS,20140403,1.35717,1.36973,1.3508799999999999,1.36345,3906184.0
TRKCM.IS,20140402,1.41372,1.41372,1.3823,1.40115,5134838.0
TRKCM.IS,20140401,1.37602,1.39487,1.37602,1.39487,4999750.0
TRKCM.IS,20140331,1.3131899999999999,1.32575,1.30062,1.32575,2256136.0
TRKCM.IS,20140328,1.2692,1.30062,1.26292,1.28805,6300271.0
TRKCM.IS,20140327,1.28177,1.28177,1.25664,1.25664,2232395.0
TRKCM.IS,20140326,1.25664,1.28177,1.25035,1.2692,5074757.0
TRKCM.IS,20140325,1.2315,1.24407,1.22522,1.23779,1900272.0
TRKCM.IS,20140324,1.23779,1.25035,1.21894,1.22522,2650119.0
TRKCM.IS,20140321,1.24407,1.25664,1.23779,1.23779,1697894.0
TRKCM.IS,20140320,1.26292,1.26292,1.25035,1.26292,1751616.0
TRKCM.IS,20140319,1.27549,1.27549,1.26292,1.26292,2043228.0
TRKCM.IS,20140318,1.25664,1.2692,1.25035,1.2692,2226791.0
TRKCM.IS,20140317,1.26292,1.26292,1.24407,1.25664,2117342.0
TRKCM.IS,20140314,1.25035,1.25664,1.23779,1.24407,902284.0
TRKCM.IS,20140313,1.2692,1.2692,1.25664,1.25664,564080.0
TRKCM.IS,20140312,1.25035,1.25035,1.2315,1.25035,2529597.0
TRKCM.IS,20140311,1.26292,1.26292,1.25035,1.25664,373984.0
TRKCM.IS,20140310,1.2692,1.27549,1.25664,1.26292,560359.0
TRKCM.IS,20140307,1.30062,1.30062,1.27549,1.27549,1156905.0
TRKCM.IS,20140306,1.28805,1.28805,1.27549,1.28177,803099.0
TRKCM.IS,20140305,1.28177,1.30062,1.28177,1.28177,1292747.0
TRKCM.IS,20140304,1.27549,1.28805,1.2692,1.28177,1104960.0
TRKCM.IS,20140303,1.25035,1.26292,1.25035,1.25035,835778.0
TRKCM.IS,20140228,1.30062,1.30062,1.27549,1.28805,1872644.0
TRKCM.IS,20140227,1.27549,1.29434,1.27549,1.28177,2652368.0
TRKCM.IS,20140226,1.3069,1.3069,1.28177,1.29434,1469274.0
TRKCM.IS,20140225,1.3131899999999999,1.3131899999999999,1.28805,1.29434,1738814.0
TRKCM.IS,20140224,1.3508799999999999,1.3508799999999999,1.32575,1.3383200000000002,2027768.0
TRKCM.IS,20140221,1.3508799999999999,1.3508799999999999,1.3383200000000002,1.3383200000000002,603662.0
TRKCM.IS,20140220,1.3383200000000002,1.3383200000000002,1.33204,1.3383200000000002,706856.0
TRKCM.IS,20140219,1.3446,1.3446,1.32575,1.3383200000000002,904548.0
TRKCM.IS,20140218,1.36345,1.3823,1.3446,1.3508799999999999,2595885.0
TRKCM.IS,20140217,1.36345,1.36973,1.35717,1.36345,1762970.0
TRKCM.IS,20140214,1.3383200000000002,1.3508799999999999,1.32575,1.33204,3078262.0
TRKCM.IS,20140213,1.3383200000000002,1.3446,1.3194700000000001,1.32575,2868726.0
TRKCM.IS,20140212,1.3383200000000002,1.3508799999999999,1.33204,1.3383200000000002,1759289.0
TRKCM.IS,20140211,1.3383200000000002,1.3508799999999999,1.32575,1.3383200000000002,1527391.0
TRKCM.IS,20140210,1.3194700000000001,1.33204,1.3131899999999999,1.33204,2093440.0
TRKCM.IS,20140207,1.3446,1.3446,1.3194700000000001,1.3383200000000002,2958171.0
TRKCM.IS,20140206,1.33204,1.35717,1.33204,1.3508799999999999,3618052.0
TRKCM.IS,20140205,1.3383200000000002,1.3383200000000002,1.3131899999999999,1.3131899999999999,1491532.0
TRKCM.IS,20140204,1.3194700000000001,1.3446,1.3131899999999999,1.3383200000000002,1640264.0
TRKCM.IS,20140203,1.3069,1.3194700000000001,1.3069,1.3194700000000001,824354.0
TRKCM.IS,20140131,1.3069,1.32575,1.30062,1.3131899999999999,1023565.0
TRKCM.IS,20140130,1.3069,1.32575,1.30062,1.32575,3173040.0
TRKCM.IS,20140129,1.36345,1.37602,1.28805,1.3446,8125464.0
TRKCM.IS,20140128,1.41372,1.42,1.3823,1.38858,1458179.0
TRKCM.IS,20140127,1.42,1.42628,1.40115,1.40743,1337573.0
TRKCM.IS,20140124,1.36973,1.40115,1.3508799999999999,1.40115,799629.0
TRKCM.IS,20140123,1.42,1.42628,1.39487,1.40115,945017.0
TRKCM.IS,20140122,1.42,1.43885,1.40743,1.42,2013423.0
TRKCM.IS,20140121,1.38858,1.41372,1.3823,1.38858,3671313.0
TRKCM.IS,20140120,1.39487,1.39487,1.37602,1.37602,1482533.0
TRKCM.IS,20140117,1.41372,1.41372,1.3823,1.3823,1142580.0
TRKCM.IS,20140116,1.42,1.42628,1.40743,1.41372,909047.0
TRKCM.IS,20140115,1.41372,1.43885,1.40743,1.4325700000000001,1947238.0
TRKCM.IS,20140114,1.39487,1.42,1.38858,1.41372,1839704.0
TRKCM.IS,20140113,1.43885,1.43885,1.40743,1.40743,4203196.0
TRKCM.IS,20140110,1.42,1.4514200000000002,1.41372,1.43885,3115883.0
TRKCM.IS,20140109,1.40115,1.41372,1.38858,1.39487,1104384.0
TRKCM.IS,20140108,1.43885,1.43885,1.41372,1.42,1882580.0
TRKCM.IS,20140107,1.44513,1.47655,1.44513,1.4639799999999998,2828855.0
TRKCM.IS,20140106,1.39487,1.44513,1.38858,1.44513,5340985.0
TRKCM.IS,20140103,1.4514200000000002,1.4577,1.40743,1.40743,3742748.0
TRKCM.IS,20140102,1.48911,1.48911,1.4639799999999998,1.47027,2923934.0
TRKCM.IS,20140101,1.5959299999999998,1.5959299999999998,1.5959299999999998,1.5959299999999998,0.0
TRKCM.IS,20131231,1.4514200000000002,1.6022100000000001,1.43885,1.5959299999999998,4771015.0
TRKCM.IS,20131230,1.4325700000000001,1.4828299999999999,1.4325700000000001,1.4828299999999999,4233333.0
TRKCM.IS,20131227,1.3383200000000002,1.40115,1.3069,1.40115,3225340.0
TRKCM.IS,20131226,1.3823,1.40115,1.36973,1.39487,1580194.0
TRKCM.IS,20131225,1.41372,1.41372,1.3446,1.39487,1972877.0
TRKCM.IS,20131224,1.40743,1.43885,1.40115,1.42628,1264916.0
TRKCM.IS,20131223,1.42628,1.4325700000000001,1.37602,1.40115,2296337.0
TRKCM.IS,20131220,1.4325700000000001,1.4639799999999998,1.42,1.44513,1183167.0
TRKCM.IS,20131219,1.47027,1.47027,1.4325700000000001,1.4325700000000001,1398246.0
TRKCM.IS,20131218,1.4577,1.50168,1.4577,1.4954,2150513.0
TRKCM.IS,20131217,1.5331,1.5331,1.50168,1.50796,2885013.0
TRKCM.IS,20131216,1.57708,1.58965,1.56451,1.58336,2528826.0
TRKCM.IS,20131213,1.56451,1.57708,1.55195,1.56451,2267153.0
TRKCM.IS,20131212,1.5708,1.5708,1.53938,1.53938,1424367.0
TRKCM.IS,20131211,1.57708,1.5959299999999998,1.5708,1.5708,2381548.0
TRKCM.IS,20131210,1.56451,1.5708,1.53938,1.5708,1245375.0
TRKCM.IS,20131209,1.5708,1.57708,1.55823,1.5708,1168934.0
TRKCM.IS,20131206,1.51425,1.56451,1.50796,1.55823,1783548.0
TRKCM.IS,20131205,1.52053,1.52053,1.50168,1.52053,1476788.0
TRKCM.IS,20131204,1.5331,1.5331,1.4954,1.5331,1395475.0
TRKCM.IS,20131203,1.53938,1.53938,1.51425,1.5331,1567156.0
TRKCM.IS,20131202,1.5708,1.58336,1.56451,1.57708,981941.0
TRKCM.IS,20131129,1.58336,1.58965,1.56451,1.57708,1212143.0
TRKCM.IS,20131128,1.57708,1.58336,1.56451,1.58336,948423.0
TRKCM.IS,20131127,1.5708,1.58336,1.56451,1.57708,1885085.0
TRKCM.IS,20131126,1.58965,1.58965,1.55823,1.55823,1745371.0
TRKCM.IS,20131125,1.62106,1.62106,1.6022100000000001,1.6022100000000001,1358941.0
TRKCM.IS,20131122,1.6147799999999999,1.62735,1.6085,1.6147799999999999,1711756.0
TRKCM.IS,20131121,1.6022100000000001,1.62106,1.5959299999999998,1.6147799999999999,2570938.0
TRKCM.IS,20131120,1.57708,1.6022100000000001,1.56451,1.5959299999999998,2291887.0
TRKCM.IS,20131119,1.58965,1.6085,1.5708,1.58336,5888365.0
TRKCM.IS,20131118,1.56451,1.57708,1.55195,1.57708,4650391.0
TRKCM.IS,20131115,1.53938,1.53938,1.52053,1.52053,1401389.0
TRKCM.IS,20131114,1.4954,1.51425,1.48911,1.51425,1485425.0
TRKCM.IS,20131113,1.43885,1.4514200000000002,1.40115,1.4514200000000002,1371806.0
TRKCM.IS,20131112,1.44513,1.4639799999999998,1.41372,1.42,2064111.0
TRKCM.IS,20131111,1.4828299999999999,1.48911,1.43885,1.43885,977054.0
TRKCM.IS,20131108,1.47027,1.51425,1.4577,1.47027,1838507.0
TRKCM.IS,20131107,1.51425,1.53938,1.50796,1.52681,2489185.0
TRKCM.IS,20131106,1.51425,1.52053,1.48911,1.51425,3374034.0
TRKCM.IS,20131105,1.55195,1.56451,1.50796,1.52053,5455436.0
TRKCM.IS,20131104,1.56451,1.56451,1.53938,1.55195,2412622.0
TRKCM.IS,20131101,1.57708,1.57708,1.55195,1.55823,1925635.0
TRKCM.IS,20131031,1.55823,1.5708,1.54566,1.55823,3798118.0
TRKCM.IS,20131030,1.6147799999999999,1.6147799999999999,1.5708,1.57708,7073385.0
TRKCM.IS,20131029,1.6147799999999999,1.6147799999999999,1.6147799999999999,1.6147799999999999,0.0
TRKCM.IS,20131028,1.6399099999999998,1.64619,1.6147799999999999,1.6147799999999999,2140169.0
TRKCM.IS,20131025,1.6085,1.6399099999999998,1.6022100000000001,1.62735,7406027.0
TRKCM.IS,20131024,1.6085,1.62106,1.5959299999999998,1.6022100000000001,7004334.0
TRKCM.IS,20131023,1.55195,1.5708,1.54566,1.55195,9993109.0
TRKCM.IS,20131022,1.54566,1.55195,1.5331,1.5331,4950804.0
TRKCM.IS,20131021,1.52053,1.52681,1.51425,1.52053,1858376.0
TRKCM.IS,20131018,1.4954,1.4954,1.4954,1.4954,0.0
TRKCM.IS,20131017,1.4954,1.4954,1.4954,1.4954,0.0
TRKCM.IS,20131016,1.4954,1.4954,1.4954,1.4954,0.0
TRKCM.IS,20131015,1.4954,1.4954,1.4954,1.4954,0.0
TRKCM.IS,20131014,1.4954,1.50168,1.48911,1.4954,537320.0
TRKCM.IS,20131011,1.4954,1.4954,1.4828299999999999,1.4954,2464339.0
TRKCM.IS,20131010,1.50796,1.51425,1.4954,1.4954,5574559.0
TRKCM.IS,20131009,1.4639799999999998,1.47655,1.44513,1.4639799999999998,4482807.0
TRKCM.IS,20131008,1.4954,1.4954,1.47027,1.47027,1961246.0
TRKCM.IS,20131007,1.4954,1.50168,1.47655,1.4954,2045152.0
TRKCM.IS,20131004,1.50796,1.51425,1.4954,1.50796,1311327.0
TRKCM.IS,20131003,1.50796,1.52053,1.4954,1.50168,3677401.0
TRKCM.IS,20131002,1.50796,1.52053,1.4954,1.50796,2114416.0
TRKCM.IS,20131001,1.50168,1.5331,1.50168,1.52053,9047396.0
TRKCM.IS,20130930,1.50168,1.50796,1.47027,1.50796,4606875.0
TRKCM.IS,20130927,1.53938,1.55823,1.5331,1.54566,6775752.0
TRKCM.IS,20130926,1.5708,1.57708,1.54566,1.5708,2703742.0
TRKCM.IS,20130925,1.54566,1.58336,1.53938,1.55195,3947025.0
TRKCM.IS,20130924,1.52053,1.5708,1.52053,1.55195,2471811.0
TRKCM.IS,20130923,1.5331,1.5331,1.51425,1.52053,2700176.0
TRKCM.IS,20130920,1.53938,1.54566,1.52053,1.54566,2082520.0
TRKCM.IS,20130919,1.57708,1.58336,1.55823,1.55823,4370006.0
TRKCM.IS,20130918,1.52681,1.5331,1.50168,1.50168,2610558.0
TRKCM.IS,20130917,1.52681,1.5331,1.51425,1.52681,2211343.0
TRKCM.IS,20130916,1.50168,1.52053,1.4954,1.51425,1676476.0
TRKCM.IS,20130913,1.47655,1.48911,1.4577,1.47655,1971291.0
TRKCM.IS,20130912,1.43885,1.4577,1.4325700000000001,1.4577,1799102.0
TRKCM.IS,20130911,1.4577,1.4639799999999998,1.4325700000000001,1.4325700000000001,1771103.0
TRKCM.IS,20130910,1.4325700000000001,1.4577,1.42628,1.4577,3522942.0
TRKCM.IS,20130909,1.40743,1.41372,1.39487,1.41372,2350464.0
TRKCM.IS,20130906,1.3823,1.39487,1.37602,1.3823,1046709.0
TRKCM.IS,20130905,1.3823,1.39487,1.37602,1.37602,554948.0
TRKCM.IS,20130904,1.39487,1.40743,1.36973,1.39487,5233081.0
TRKCM.IS,20130903,1.37602,1.39487,1.36973,1.39487,2315335.0
TRKCM.IS,20130902,1.3823,1.38858,1.36345,1.38858,3070758.0
TRKCM.IS,20130830,1.3508799999999999,1.3508799999999999,1.3508799999999999,1.3508799999999999,0.0
TRKCM.IS,20130829,1.36973,1.36973,1.3446,1.3508799999999999,713476.0
TRKCM.IS,20130828,1.3194700000000001,1.3508799999999999,1.30062,1.33204,1447953.0
TRKCM.IS,20130827,1.3823,1.39487,1.3446,1.3508799999999999,1511020.0
TRKCM.IS,20130826,1.41372,1.4325700000000001,1.40115,1.4325700000000001,2062895.0
TRKCM.IS,20130823,1.4577,1.4639799999999998,1.4325700000000001,1.4514200000000002,808907.0
TRKCM.IS,20130822,1.4577,1.4639799999999998,1.43885,1.43885,2390192.0
TRKCM.IS,20130821,1.53938,1.55195,1.50796,1.50796,1042982.0
TRKCM.IS,20130820,1.55195,1.58336,1.54566,1.58336,1167082.0
TRKCM.IS,20130819,1.57708,1.57708,1.55823,1.56451,1161957.0
TRKCM.IS,20130816,1.58336,1.6022100000000001,1.57708,1.58965,934658.0
TRKCM.IS,20130815,1.6147799999999999,1.6147799999999999,1.57708,1.5959299999999998,1492472.0
TRKCM.IS,20130814,1.62735,1.63363,1.6147799999999999,1.6147799999999999,1691312.0
TRKCM.IS,20130813,1.63363,1.63363,1.6085,1.6085,2325975.0
TRKCM.IS,20130812,1.63363,1.63363,1.6085,1.63363,3816905.0
TRKCM.IS,20130809,1.6085,1.6085,1.6085,1.6085,0.0
TRKCM.IS,20130808,1.6085,1.6085,1.6085,1.6085,0.0
TRKCM.IS,20130807,1.6085,1.6147799999999999,1.5959299999999998,1.6085,1172611.0
TRKCM.IS,20130806,1.6085,1.63363,1.6085,1.6085,1549133.0
TRKCM.IS,20130805,1.62735,1.6399099999999998,1.6085,1.62735,4307969.0
TRKCM.IS,20130802,1.62106,1.62735,1.6022100000000001,1.62106,7706271.0
TRKCM.IS,20130801,1.6085,1.62106,1.58965,1.6085,8440300.0
TRKCM.IS,20130731,1.57708,1.6022100000000001,1.57708,1.57708,4425080.0
TRKCM.IS,20130730,1.58965,1.6022100000000001,1.56451,1.58965,5683521.0
TRKCM.IS,20130729,1.55823,1.5708,1.54566,1.55823,2053920.0
TRKCM.IS,20130726,1.56451,1.5959299999999998,1.55823,1.56451,2707479.0
TRKCM.IS,20130725,1.5959299999999998,1.5959299999999998,1.56451,1.5959299999999998,2995862.0
TRKCM.IS,20130724,1.58965,1.63363,1.58336,1.58965,5139582.0
TRKCM.IS,20130723,1.6147799999999999,1.66504,1.6147799999999999,1.6147799999999999,4108761.0
TRKCM.IS,20130722,1.63363,1.6587599999999998,1.63363,1.63363,2717637.0
TRKCM.IS,20130719,1.65248,1.67133,1.6399099999999998,1.65248,1646732.0
TRKCM.IS,20130718,1.6587599999999998,1.7027400000000001,1.6587599999999998,1.6587599999999998,6007895.0
TRKCM.IS,20130717,1.68389,1.6964599999999999,1.65248,1.68389,4077656.0
TRKCM.IS,20130716,1.67133,1.69018,1.65248,1.67133,4799464.0
TRKCM.IS,20130715,1.66504,1.67133,1.62735,1.66504,7554375.0
TRKCM.IS,20130712,1.62106,1.63363,1.58336,1.62106,3257231.0
TRKCM.IS,20130711,1.6085,1.6399099999999998,1.58965,1.6085,4394642.0
TRKCM.IS,20130710,1.58965,1.67133,1.55823,1.58965,8490391.0
TRKCM.IS,20130709,1.6399099999999998,1.66504,1.62106,1.6399099999999998,4626335.0
TRKCM.IS,20130708,1.63363,1.68389,1.62735,1.63363,1576950.0
TRKCM.IS,20130705,1.67133,1.71531,1.6587599999999998,1.67133,1607487.0
TRKCM.IS,20130704,1.7090299999999998,1.7215900000000002,1.6776099999999998,1.7090299999999998,2176916.0
TRKCM.IS,20130703,1.7027400000000001,1.7090299999999998,1.6587599999999998,1.7027400000000001,3855649.0
TRKCM.IS,20130702,1.6697400000000002,1.69429,1.6451799999999999,1.6697400000000002,3726062.0
TRKCM.IS,20130701,1.6697400000000002,1.67588,1.61449,1.6697400000000002,2655220.0
TRKCM.IS,20130628,1.62063,1.6697400000000002,1.60835,1.62063,3911654.0
TRKCM.IS,20130627,1.63291,1.65746,1.62677,1.63291,3242896.0
TRKCM.IS,20130626,1.62063,1.62063,1.55924,1.62063,4927391.0
TRKCM.IS,20130625,1.56538,1.5899299999999998,1.54082,1.56538,4240239.0
TRKCM.IS,20130624,1.52855,1.61449,1.52855,1.52855,4265399.0
TRKCM.IS,20130621,1.59607,1.63291,1.56538,1.59607,6645426.0
TRKCM.IS,20130620,1.59607,1.71885,1.59607,1.59607,6771486.0
TRKCM.IS,20130619,1.7434,1.7434,1.7065700000000001,1.7434,2112625.0
TRKCM.IS,20130618,1.71271,1.7679599999999998,1.7004299999999999,1.71271,2883536.0
TRKCM.IS,20130617,1.7434,1.7925099999999998,1.7311299999999998,1.7434,2462860.0
TRKCM.IS,20130614,1.8047900000000001,1.8047900000000001,1.74954,1.8047900000000001,4390219.0
TRKCM.IS,20130613,1.7249900000000002,1.7618200000000002,1.71885,1.7249900000000002,4495513.0
TRKCM.IS,20130612,1.7311299999999998,1.7372599999999998,1.6451799999999999,1.7311299999999998,6119300.0
TRKCM.IS,20130611,1.6513200000000001,1.68815,1.62677,1.6513200000000001,4039687.0
TRKCM.IS,20130610,1.62063,1.6697400000000002,1.59607,1.62063,4987021.0
TRKCM.IS,20130607,1.67588,1.68202,1.57152,1.67588,5749363.0
TRKCM.IS,20130606,1.6022100000000001,1.71271,1.55924,1.6022100000000001,5120644.0
TRKCM.IS,20130605,1.7004299999999999,1.75568,1.68815,1.7004299999999999,4076525.0
TRKCM.IS,20130604,1.7679599999999998,1.7741,1.7065700000000001,1.7679599999999998,6588677.0
TRKCM.IS,20130603,1.69429,1.8047900000000001,1.68815,1.69429,8767755.0
TRKCM.IS,20130531,1.8845900000000002,1.9030099999999999,1.8539,1.8845900000000002,2223920.0
TRKCM.IS,20130530,1.90915,1.95212,1.89687,1.90915,3629884.0
TRKCM.IS,20130529,1.9398400000000002,1.9766700000000001,1.9337,1.9398400000000002,3781031.0
TRKCM.IS,20130528,1.9705400000000002,1.98281,1.95826,1.9705400000000002,6614714.0
TRKCM.IS,20130527,1.9766700000000001,1.98281,1.9459799999999998,1.9766700000000001,4059647.0
TRKCM.IS,20130524,1.9705400000000002,1.98895,1.9459799999999998,1.9705400000000002,4012280.0
TRKCM.IS,20130523,1.9644,1.98895,1.92756,1.9644,3815758.0
TRKCM.IS,20130522,1.9705400000000002,1.9705400000000002,1.90915,1.9705400000000002,6714311.0
TRKCM.IS,20130521,1.90915,1.9152900000000002,1.86618,1.90915,7608298.0
TRKCM.IS,20130520,1.87232,1.9398400000000002,1.8539,1.87232,11084984.0
TRKCM.IS,20130517,1.95826,1.9950900000000003,1.9398400000000002,1.95826,5438433.0
TRKCM.IS,20130516,1.95212,2.00737,1.9459799999999998,1.95212,9485508.0
TRKCM.IS,20130515,1.9705400000000002,1.98281,1.9398400000000002,1.9705400000000002,18867120.0
TRKCM.IS,20130514,1.90915,1.9152900000000002,1.89073,1.90915,5372359.0
TRKCM.IS,20130513,1.89687,1.92756,1.87845,1.89687,3975364.0
TRKCM.IS,20130510,1.9459799999999998,1.98281,1.9459799999999998,1.9459799999999998,2110654.0
TRKCM.IS,20130509,1.9644,1.9705400000000002,1.92756,1.9644,3237773.0
TRKCM.IS,20130508,1.95212,1.95826,1.89687,1.95212,6301911.0
TRKCM.IS,20130507,1.89687,1.92756,1.89687,1.89687,3786973.0
TRKCM.IS,20130506,1.92756,1.9398400000000002,1.89687,1.92756,3323901.0
TRKCM.IS,20130503,1.90915,1.9337,1.89073,1.90915,3410023.0
TRKCM.IS,20130502,1.9337,1.9337,1.8600400000000001,1.9337,10786257.0
TRKCM.IS,20130501,1.8600400000000001,1.8600400000000001,1.8600400000000001,1.8600400000000001,0.0
TRKCM.IS,20130430,1.8600400000000001,1.8600400000000001,1.7925099999999998,1.8600400000000001,11880991.0
TRKCM.IS,20130429,1.8293400000000002,1.8477599999999998,1.8232099999999998,1.8293400000000002,5770820.0
TRKCM.IS,20130426,1.84162,1.84162,1.81093,1.84162,5891952.0
TRKCM.IS,20130425,1.81707,1.8232099999999998,1.8047900000000001,1.81707,3355286.0
TRKCM.IS,20130424,1.81093,1.8232099999999998,1.78023,1.81093,12839041.0
TRKCM.IS,20130423,1.7741,1.7741,1.7741,1.7741,0.0
TRKCM.IS,20130422,1.7741,1.7925099999999998,1.7679599999999998,1.7741,2581316.0
TRKCM.IS,20130419,1.7679599999999998,1.78637,1.74954,1.7679599999999998,4363913.0
TRKCM.IS,20130418,1.75568,1.7741,1.7372599999999998,1.75568,4384917.0
TRKCM.IS,20130417,1.7434,1.7925099999999998,1.7372599999999998,1.7434,5632181.0
TRKCM.IS,20130416,1.78023,1.81093,1.78023,1.78023,6757108.0
TRKCM.IS,20130415,1.79865,1.81093,1.7741,1.79865,6883333.0
TRKCM.IS,20130412,1.79865,1.81707,1.7925099999999998,1.79865,16961463.0
TRKCM.IS,20130411,1.78637,1.79865,1.7741,1.78637,3548943.0
TRKCM.IS,20130410,1.78023,1.7925099999999998,1.7679599999999998,1.78023,5743619.0
TRKCM.IS,20130409,1.7741,1.8047900000000001,1.7679599999999998,1.7741,8741001.0
TRKCM.IS,20130408,1.78023,1.78023,1.7434,1.78023,4801199.0
TRKCM.IS,20130405,1.7434,1.7618200000000002,1.7372599999999998,1.7434,4587195.0
TRKCM.IS,20130404,1.7372599999999998,1.7741,1.7372599999999998,1.7372599999999998,8342862.0
TRKCM.IS,20130403,1.74954,1.79865,1.7434,1.74954,15079947.0
TRKCM.IS,20130402,1.78637,1.7925099999999998,1.74954,1.78637,12951810.0
TRKCM.IS,20130401,1.7618200000000002,1.7741,1.7311299999999998,1.7618200000000002,5129451.0
TRKCM.IS,20130329,1.75568,1.7679599999999998,1.7434,1.75568,6417529.0
TRKCM.IS,20130328,1.7372599999999998,1.7434,1.7065700000000001,1.7372599999999998,12896533.0
TRKCM.IS,20130327,1.7065700000000001,1.71885,1.68202,1.7065700000000001,9533679.0
TRKCM.IS,20130326,1.68815,1.7004299999999999,1.68202,1.68815,9151459.0
TRKCM.IS,20130325,1.67588,1.68815,1.6636,1.67588,8853315.0
TRKCM.IS,20130322,1.65746,1.6636,1.6451799999999999,1.65746,2459846.0
TRKCM.IS,20130321,1.6513200000000001,1.68202,1.6451799999999999,1.6513200000000001,6159478.0
TRKCM.IS,20130320,1.65746,1.67588,1.65746,1.65746,7432338.0
TRKCM.IS,20130319,1.65746,1.69429,1.6513200000000001,1.65746,25220604.0
TRKCM.IS,20130318,1.65746,1.6697400000000002,1.63904,1.65746,14724778.0
TRKCM.IS,20130315,1.65746,1.6636,1.63291,1.65746,13752458.0
TRKCM.IS,20130314,1.63904,1.65746,1.62677,1.63904,9673306.0
TRKCM.IS,20130313,1.63904,1.6697400000000002,1.63904,1.63904,14705065.0
TRKCM.IS,20130312,1.6513200000000001,1.6636,1.62677,1.6513200000000001,19788769.0
TRKCM.IS,20130311,1.63904,1.68815,1.63904,1.63904,17298087.0
TRKCM.IS,20130308,1.68202,1.7249900000000002,1.65746,1.68202,17360929.0
TRKCM.IS,20130307,1.69429,1.75568,1.68815,1.69429,15563077.0
TRKCM.IS,20130306,1.7679599999999998,1.81093,1.7618200000000002,1.7679599999999998,7817953.0
TRKCM.IS,20130305,1.78637,1.8047900000000001,1.7311299999999998,1.78637,12285706.0
TRKCM.IS,20130304,1.7249900000000002,1.7311299999999998,1.6636,1.7249900000000002,9796714.0
TRKCM.IS,20130301,1.68202,1.7004299999999999,1.6513200000000001,1.68202,6663711.0
TRKCM.IS,20130228,1.68815,1.69429,1.65746,1.68815,8946280.0
TRKCM.IS,20130227,1.63904,1.6451799999999999,1.59607,1.63904,9233338.0
TRKCM.IS,20130226,1.5838,1.5899299999999998,1.5469600000000001,1.5838,7583222.0
TRKCM.IS,20130225,1.57766,1.5899299999999998,1.54082,1.57766,3059964.0
TRKCM.IS,20130222,1.5469600000000001,1.60835,1.54082,1.5469600000000001,3367181.0
TRKCM.IS,20130221,1.59607,1.63291,1.5899299999999998,1.59607,3343961.0
TRKCM.IS,20130220,1.62063,1.6451799999999999,1.60835,1.62063,11335824.0
TRKCM.IS,20130219,1.5899299999999998,1.59607,1.55924,1.5899299999999998,6970566.0
TRKCM.IS,20130218,1.56538,1.5838,1.54082,1.56538,7652898.0
TRKCM.IS,20130215,1.57152,1.6022100000000001,1.56538,1.57152,4583011.0
TRKCM.IS,20130214,1.5838,1.61449,1.57766,1.5838,3248761.0
TRKCM.IS,20130213,1.60835,1.6513200000000001,1.60835,1.60835,4295338.0
TRKCM.IS,20130212,1.62677,1.6451799999999999,1.61449,1.62677,2737112.0
TRKCM.IS,20130211,1.62063,1.6636,1.62063,1.62063,5684993.0
TRKCM.IS,20130208,1.6451799999999999,1.6513200000000001,1.59607,1.6451799999999999,9971390.0
TRKCM.IS,20130207,1.62063,1.67588,1.61449,1.62063,2927597.0
TRKCM.IS,20130206,1.6636,1.68202,1.65746,1.6636,2442695.0
TRKCM.IS,20130205,1.6636,1.68815,1.6636,1.6636,5772843.0
TRKCM.IS,20130204,1.6697400000000002,1.7004299999999999,1.6513200000000001,1.6697400000000002,5578307.0
TRKCM.IS,20130201,1.6636,1.6636,1.59607,1.6636,12977099.0
TRKCM.IS,20130131,1.5899299999999998,1.6697400000000002,1.5838,1.5899299999999998,16401765.0
TRKCM.IS,20130130,1.65746,1.7741,1.65746,1.65746,5335071.0
TRKCM.IS,20130129,1.75568,1.75568,1.69429,1.75568,3982028.0
TRKCM.IS,20130128,1.74954,1.8477599999999998,1.71885,1.74954,4169892.0
TRKCM.IS,20130125,1.84162,1.89687,1.8293400000000002,1.84162,6133253.0
TRKCM.IS,20130124,1.87232,1.87845,1.7925099999999998,1.87232,22611509.0
TRKCM.IS,20130123,1.81093,1.81093,1.74954,1.81093,5646079.0
TRKCM.IS,20130122,1.7372599999999998,1.81093,1.7311299999999998,1.7372599999999998,6010204.0
TRKCM.IS,20130121,1.79865,1.81093,1.7741,1.79865,3686239.0
TRKCM.IS,20130118,1.7925099999999998,1.8293400000000002,1.78637,1.7925099999999998,7056911.0
TRKCM.IS,20130117,1.79865,1.8047900000000001,1.78023,1.79865,5913875.0
TRKCM.IS,20130116,1.78023,1.7925099999999998,1.74954,1.78023,5036578.0
TRKCM.IS,20130115,1.74954,1.8047900000000001,1.74954,1.74954,7157731.0
TRKCM.IS,20130114,1.7679599999999998,1.81093,1.7679599999999998,1.7679599999999998,7559248.0
TRKCM.IS,20130111,1.79865,1.8047900000000001,1.78637,1.79865,3879600.0
TRKCM.IS,20130110,1.78637,1.81707,1.78023,1.78637,4799745.0
TRKCM.IS,20130109,1.79865,1.79865,1.7311299999999998,1.79865,13897256.0
TRKCM.IS,20130108,1.7372599999999998,1.78637,1.71271,1.7372599999999998,9412228.0
TRKCM.IS,20130107,1.71885,1.7249900000000002,1.63904,1.71885,14334046.0
TRKCM.IS,20130104,1.67588,1.68815,1.63904,1.67588,9273893.0
TRKCM.IS,20130103,1.68202,1.68815,1.56538,1.68202,26227038.0
TRKCM.IS,20130102,1.56538,1.5838,1.51627,1.56538,15166031.0
TRKCM.IS,20130101,1.49785,1.49785,1.49785,1.49785,0.0
TRKCM.IS,20121231,1.49785,1.52241,1.49171,1.49785,899924.0
TRKCM.IS,20121228,1.51627,1.5346899999999999,1.51627,1.51627,2629274.0
TRKCM.IS,20121227,1.52241,1.5531,1.51627,1.52241,13547230.0
TRKCM.IS,20121226,1.52241,1.52855,1.49785,1.52241,7038179.0
TRKCM.IS,20121225,1.49785,1.51627,1.48558,1.49785,6707303.0
TRKCM.IS,20121224,1.49785,1.5346899999999999,1.4794399999999999,1.49785,23180264.0
TRKCM.IS,20121221,1.49785,1.49785,1.4364700000000001,1.49785,31000302.0
TRKCM.IS,20121220,1.4364700000000001,1.44874,1.39963,1.4364700000000001,16977386.0
TRKCM.IS,20121219,1.39963,1.4303299999999999,1.39963,1.39963,6660344.0
TRKCM.IS,20121218,1.41191,1.4303299999999999,1.40577,1.41191,10106336.0
TRKCM.IS,20121217,1.41805,1.42419,1.39963,1.41805,7360099.0
TRKCM.IS,20121214,1.39963,1.4364700000000001,1.39349,1.39963,8515581.0
TRKCM.IS,20121213,1.41191,1.44874,1.40577,1.41191,11338372.0
TRKCM.IS,20121212,1.4364700000000001,1.44874,1.42419,1.4364700000000001,12914995.0
TRKCM.IS,20121211,1.4303299999999999,1.46102,1.41805,1.4303299999999999,35490287.0
TRKCM.IS,20121210,1.41191,1.41805,1.38736,1.41191,27387297.0
TRKCM.IS,20121207,1.3812200000000001,1.39349,1.3750799999999999,1.3812200000000001,9855573.0
TRKCM.IS,20121206,1.3750799999999999,1.38736,1.3505200000000002,1.3750799999999999,22161959.0
TRKCM.IS,20121205,1.3505200000000002,1.36894,1.34438,1.3505200000000002,17949247.0
TRKCM.IS,20121204,1.34438,1.35666,1.3321100000000001,1.34438,11755646.0
TRKCM.IS,20121203,1.33825,1.34438,1.3198299999999998,1.33825,6039698.0
TRKCM.IS,20121130,1.3198299999999998,1.34438,1.3198299999999998,1.3198299999999998,6122716.0
TRKCM.IS,20121129,1.3321100000000001,1.3505200000000002,1.3321100000000001,1.3321100000000001,4828614.0
TRKCM.IS,20121128,1.3321100000000001,1.34438,1.31369,1.3321100000000001,10455945.0
TRKCM.IS,20121127,1.32597,1.35666,1.3198299999999998,1.32597,9121287.0
TRKCM.IS,20121126,1.33825,1.34438,1.32597,1.33825,6640917.0
TRKCM.IS,20121123,1.3198299999999998,1.3198299999999998,1.30141,1.3198299999999998,2438489.0
TRKCM.IS,20121122,1.31369,1.32597,1.30755,1.31369,5893288.0
TRKCM.IS,20121121,1.31369,1.33825,1.30755,1.31369,5927258.0
TRKCM.IS,20121120,1.3321100000000001,1.34438,1.32597,1.3321100000000001,2619293.0
TRKCM.IS,20121119,1.3321100000000001,1.34438,1.30755,1.3321100000000001,13895593.0
TRKCM.IS,20121116,1.33825,1.41805,1.33825,1.33825,7315531.0
TRKCM.IS,20121115,1.40577,1.41191,1.3750799999999999,1.40577,3902215.0
TRKCM.IS,20121114,1.38736,1.4303299999999999,1.38736,1.38736,8941110.0
TRKCM.IS,20121113,1.42419,1.42419,1.40577,1.42419,7518914.0
TRKCM.IS,20121112,1.40577,1.41191,1.38736,1.40577,6034990.0
TRKCM.IS,20121109,1.39349,1.42419,1.38736,1.39349,11001601.0
TRKCM.IS,20121108,1.41805,1.41805,1.39963,1.41805,11417020.0
TRKCM.IS,20121107,1.39349,1.39963,1.36894,1.39349,19797803.0
TRKCM.IS,20121106,1.3750799999999999,1.39963,1.3505200000000002,1.3750799999999999,17358080.0
TRKCM.IS,20121105,1.35666,1.3812200000000001,1.3321100000000001,1.35666,7819294.0
TRKCM.IS,20121102,1.3505200000000002,1.3750799999999999,1.3505200000000002,1.3505200000000002,9373712.0
TRKCM.IS,20121101,1.3628,1.36894,1.33825,1.3628,15227819.0
TRKCM.IS,20121031,1.34438,1.3505200000000002,1.28914,1.34438,22038598.0
TRKCM.IS,20121030,1.28914,1.30141,1.28914,1.28914,2798862.0
TRKCM.IS,20121029,1.283,1.283,1.283,1.283,0.0
TRKCM.IS,20121026,1.283,1.283,1.283,1.283,0.0
TRKCM.IS,20121025,1.283,1.283,1.283,1.283,0.0
TRKCM.IS,20121024,1.283,1.283,1.283,1.283,0.0
TRKCM.IS,20121023,1.283,1.2952700000000001,1.27686,1.283,2335800.0
TRKCM.IS,20121022,1.2952700000000001,1.32597,1.28914,1.2952700000000001,4932471.0
TRKCM.IS,20121019,1.3198299999999998,1.33825,1.31369,1.3198299999999998,5402982.0
TRKCM.IS,20121018,1.31369,1.32597,1.30755,1.31369,4103437.0
TRKCM.IS,20121017,1.31369,1.32597,1.30755,1.31369,6452212.0
TRKCM.IS,20121016,1.30141,1.31369,1.28914,1.30141,8070976.0
TRKCM.IS,20121015,1.283,1.28914,1.27686,1.283,1346985.0
TRKCM.IS,20121012,1.283,1.30141,1.283,1.283,2321183.0
TRKCM.IS,20121011,1.283,1.2952700000000001,1.27072,1.283,6416120.0
TRKCM.IS,20121010,1.27072,1.28914,1.27072,1.27072,2188928.0
TRKCM.IS,20121009,1.283,1.283,1.26458,1.283,2504978.0
TRKCM.IS,20121008,1.27072,1.283,1.26458,1.27072,2861183.0
TRKCM.IS,20121005,1.2952700000000001,1.2952700000000001,1.27072,1.27686,4110237.0
TRKCM.IS,20121004,1.27072,1.27072,1.22775,1.27072,7455613.0
TRKCM.IS,20121003,1.27686,1.31369,1.27686,1.27686,5547865.0
TRKCM.IS,20121002,1.30755,1.30755,1.27072,1.30755,4754918.0
TRKCM.IS,20121001,1.27072,1.27686,1.24003,1.27072,2797570.0
TRKCM.IS,20120928,1.24616,1.26458,1.24003,1.24616,3403010.0
TRKCM.IS,20120927,1.25844,1.2952700000000001,1.2523,1.25844,10080570.0
TRKCM.IS,20120926,1.2952700000000001,1.33825,1.28914,1.2952700000000001,6522311.0
TRKCM.IS,20120925,1.33825,1.3505200000000002,1.33825,1.33825,3394180.0
TRKCM.IS,20120924,1.34438,1.3628,1.3321100000000001,1.34438,3983269.0
TRKCM.IS,20120921,1.3628,1.36894,1.34438,1.3628,6614815.0
TRKCM.IS,20120920,1.3505200000000002,1.35666,1.3321100000000001,1.3505200000000002,6262882.0
TRKCM.IS,20120919,1.33825,1.3628,1.32597,1.33825,8654794.0
TRKCM.IS,20120918,1.3505200000000002,1.3750799999999999,1.34438,1.3505200000000002,14088683.0
TRKCM.IS,20120917,1.3750799999999999,1.3750799999999999,1.33825,1.3750799999999999,18318972.0
TRKCM.IS,20120914,1.34438,1.35666,1.3321100000000001,1.34438,6935881.0
TRKCM.IS,20120913,1.32597,1.3505200000000002,1.31369,1.32597,5765008.0
TRKCM.IS,20120912,1.34438,1.3628,1.33825,1.34438,11420996.0
TRKCM.IS,20120911,1.3628,1.36894,1.32597,1.3628,40841526.0
TRKCM.IS,20120910,1.32597,1.3321100000000001,1.30141,1.32597,13008465.0
TRKCM.IS,20120907,1.31369,1.3198299999999998,1.28914,1.31369,10020747.0
TRKCM.IS,20120906,1.30141,1.30141,1.27686,1.30141,8433012.0
TRKCM.IS,20120905,1.28914,1.30755,1.27686,1.28914,5459745.0
TRKCM.IS,20120904,1.30755,1.32597,1.30755,1.30755,1965843.0
TRKCM.IS,20120903,1.3198299999999998,1.3321100000000001,1.31369,1.3198299999999998,3652063.0
TRKCM.IS,20120831,1.32597,1.32597,1.30755,1.32597,3100758.0
TRKCM.IS,20120830,1.3198299999999998,1.3198299999999998,1.3198299999999998,1.3198299999999998,0.0
TRKCM.IS,20120829,1.3198299999999998,1.33825,1.3198299999999998,1.3198299999999998,3209275.0
TRKCM.IS,20120828,1.3321100000000001,1.34438,1.32597,1.3321100000000001,3153089.0
TRKCM.IS,20120827,1.32597,1.33825,1.31369,1.32597,2085126.0
TRKCM.IS,20120824,1.31369,1.3321100000000001,1.30755,1.31369,2016806.0
TRKCM.IS,20120823,1.32597,1.33825,1.31369,1.32597,4466983.0
TRKCM.IS,20120822,1.32597,1.33825,1.28914,1.32597,7299786.0
TRKCM.IS,20120821,1.2952700000000001,1.2952700000000001,1.2952700000000001,1.2952700000000001,0.0
TRKCM.IS,20120820,1.2952700000000001,1.2952700000000001,1.2952700000000001,1.2952700000000001,0.0
TRKCM.IS,20120817,1.2952700000000001,1.30141,1.25844,1.2952700000000001,6158250.0
TRKCM.IS,20120816,1.2523,1.27072,1.2523,1.2523,3201186.0
TRKCM.IS,20120815,1.2523,1.26458,1.22775,1.2523,6083402.0
TRKCM.IS,20120814,1.26458,1.31369,1.25844,1.26458,5229157.0
TRKCM.IS,20120813,1.30755,1.32597,1.30755,1.30755,1737809.0
TRKCM.IS,20120810,1.31369,1.31369,1.30141,1.31369,1169994.0
TRKCM.IS,20120809,1.31369,1.3321100000000001,1.2952700000000001,1.31369,2994423.0
TRKCM.IS,20120808,1.31369,1.33825,1.31369,1.31369,7262953.0
TRKCM.IS,20120807,1.33825,1.35666,1.3198299999999998,1.33825,8555050.0
TRKCM.IS,20120806,1.35666,1.3628,1.3321100000000001,1.35666,16024127.0
TRKCM.IS,20120803,1.32597,1.33825,1.2952700000000001,1.32597,10422647.0
TRKCM.IS,20120802,1.30141,1.3198299999999998,1.283,1.30141,13245299.0
TRKCM.IS,20120801,1.31369,1.32597,1.2952700000000001,1.31369,17781002.0
TRKCM.IS,20120731,1.2952700000000001,1.30755,1.2523,1.2952700000000001,36206418.0
TRKCM.IS,20120730,1.24616,1.2523,1.22161,1.24616,5759231.0
TRKCM.IS,20120727,1.22775,1.24003,1.21547,1.22775,4685627.0
TRKCM.IS,20120726,1.21547,1.22775,1.18478,1.21547,9372847.0
TRKCM.IS,20120725,1.18478,1.19092,1.1725,1.18478,5007530.0
TRKCM.IS,20120724,1.1725,1.19092,1.16636,1.1725,8146577.0
TRKCM.IS,20120723,1.18478,1.21547,1.17864,1.18478,2263876.0
TRKCM.IS,20120720,1.22161,1.24003,1.21547,1.22161,1487430.0
TRKCM.IS,20120719,1.22775,1.25844,1.22161,1.22775,4004764.0
TRKCM.IS,20120718,1.2523,1.283,1.24003,1.2523,1864379.0
TRKCM.IS,20120717,1.27072,1.2952700000000001,1.26458,1.27072,1580402.0
TRKCM.IS,20120716,1.28914,1.30141,1.27686,1.28914,1503971.0
TRKCM.IS,20120713,1.28647,1.2918,1.26511,1.28647,2122700.0
TRKCM.IS,20120712,1.26511,1.2811299999999999,1.25978,1.26511,2078160.0
TRKCM.IS,20120711,1.27045,1.2918,1.27045,1.27045,1165507.0
TRKCM.IS,20120710,1.28647,1.2918,1.25978,1.28647,3179480.0
TRKCM.IS,20120709,1.27045,1.2811299999999999,1.25978,1.27045,1521222.0
TRKCM.IS,20120706,1.28647,1.28647,1.27045,1.28647,2146037.0
TRKCM.IS,20120705,1.27045,1.29714,1.27045,1.27045,2213498.0
TRKCM.IS,20120704,1.2918,1.29714,1.28647,1.2918,2410413.0
TRKCM.IS,20120703,1.2918,1.31849,1.27579,1.2918,4642054.0
TRKCM.IS,20120702,1.30782,1.31849,1.29714,1.30782,1969191.0
TRKCM.IS,20120629,1.29714,1.31316,1.29714,1.29714,2628463.0
TRKCM.IS,20120628,1.28647,1.30782,1.27579,1.28647,5772738.0
TRKCM.IS,20120627,1.28647,1.2918,1.26511,1.28647,8281087.0
TRKCM.IS,20120626,1.26511,1.27579,1.24376,1.26511,4500802.0
TRKCM.IS,20120625,1.26511,1.3024799999999999,1.25978,1.26511,3524197.0
TRKCM.IS,20120622,1.32917,1.32917,1.2918,1.32917,5205450.0
TRKCM.IS,20120621,1.3024799999999999,1.31849,1.27045,1.3024799999999999,10722365.0
TRKCM.IS,20120620,1.27579,1.28647,1.25978,1.27579,5300929.0
TRKCM.IS,20120619,1.25978,1.25978,1.22775,1.25978,7353087.0
TRKCM.IS,20120618,1.23842,1.26511,1.23309,1.23842,2765774.0
TRKCM.IS,20120615,1.2491,1.27045,1.2491,1.2491,3506576.0
TRKCM.IS,20120614,1.25978,1.27045,1.25444,1.25978,7643864.0
TRKCM.IS,20120613,1.25978,1.25978,1.22775,1.25978,12932324.0
TRKCM.IS,20120612,1.22241,1.23309,1.21173,1.22241,2420673.0
TRKCM.IS,20120611,1.22775,1.23842,1.21707,1.22775,1683172.0
TRKCM.IS,20120608,1.21707,1.22241,1.1957200000000001,1.21707,5210844.0
TRKCM.IS,20120607,1.21173,1.22775,1.2064,1.21173,6323669.0
TRKCM.IS,20120606,1.2064,1.22241,1.1957200000000001,1.2064,3547842.0
TRKCM.IS,20120605,1.2064,1.22241,1.2064,1.2064,1974262.0
TRKCM.IS,20120604,1.20106,1.21707,1.1850399999999999,1.20106,1577015.0
TRKCM.IS,20120601,1.20106,1.2064,1.17971,1.20106,2365057.0
TRKCM.IS,20120531,1.19038,1.21173,1.19038,1.19038,1865801.0
TRKCM.IS,20120530,1.19038,1.22241,1.1850399999999999,1.19038,2468423.0
TRKCM.IS,20120529,1.22775,1.22775,1.20106,1.22775,1794006.0
TRKCM.IS,20120528,1.20106,1.21173,1.1957200000000001,1.20106,713497.0
TRKCM.IS,20120525,1.19038,1.20106,1.1743700000000001,1.19038,2005925.0
TRKCM.IS,20120524,1.1850399999999999,1.23842,1.1850399999999999,1.1850399999999999,2827017.0
TRKCM.IS,20120523,1.22775,1.26511,1.22775,1.22775,2854303.0
TRKCM.IS,20120522,1.27045,1.2918,1.25978,1.27045,1268969.0
TRKCM.IS,20120521,1.27579,1.28647,1.26511,1.27579,1353779.0
TRKCM.IS,20120518,1.27045,1.30782,1.25978,1.27045,3476906.0
TRKCM.IS,20120517,1.32917,1.4039,1.31316,1.32917,6977029.0
TRKCM.IS,20120516,1.39857,1.4039,1.3665399999999999,1.39857,3657126.0
TRKCM.IS,20120515,1.38255,1.39323,1.3665399999999999,1.38255,1778010.0
TRKCM.IS,20120514,1.38255,1.39323,1.3505200000000002,1.38255,5452504.0
TRKCM.IS,20120511,1.3612,1.37188,1.3505200000000002,1.3612,2101663.0
TRKCM.IS,20120510,1.3665399999999999,1.38789,1.3665399999999999,1.3665399999999999,2138230.0
TRKCM.IS,20120509,1.37188,1.38789,1.3665399999999999,1.37188,2227810.0
TRKCM.IS,20120508,1.38789,1.38789,1.35586,1.38789,4465869.0
TRKCM.IS,20120507,1.35586,1.3612,1.33985,1.35586,1909438.0
TRKCM.IS,20120504,1.3612,1.3665399999999999,1.3505200000000002,1.3612,1854281.0
TRKCM.IS,20120503,1.3505200000000002,1.3612,1.3505200000000002,1.3505200000000002,1499454.0
TRKCM.IS,20120502,1.3451899999999999,1.3665399999999999,1.3451899999999999,1.3451899999999999,2831032.0
TRKCM.IS,20120501,1.3505200000000002,1.3505200000000002,1.3505200000000002,1.3505200000000002,0.0
TRKCM.IS,20120430,1.3505200000000002,1.3612,1.33985,1.3505200000000002,4645711.0
TRKCM.IS,20120427,1.3505200000000002,1.37188,1.3505200000000002,1.3505200000000002,2690806.0
TRKCM.IS,20120426,1.3665399999999999,1.37188,1.3505200000000002,1.3665399999999999,3728021.0
TRKCM.IS,20120425,1.35586,1.35586,1.33451,1.35586,3540332.0
TRKCM.IS,20120424,1.33451,1.3451899999999999,1.32917,1.33451,3022655.0
TRKCM.IS,20120423,1.35586,1.35586,1.35586,1.35586,0.0
TRKCM.IS,20120420,1.35586,1.3612,1.3451899999999999,1.35586,2063092.0
TRKCM.IS,20120419,1.35586,1.39323,1.3451899999999999,1.35586,5983390.0
TRKCM.IS,20120418,1.38255,1.40924,1.37721,1.38255,8841827.0
TRKCM.IS,20120417,1.37721,1.39323,1.35586,1.37721,7643557.0
TRKCM.IS,20120416,1.3612,1.37188,1.3505200000000002,1.3612,5263829.0
TRKCM.IS,20120413,1.35586,1.3665399999999999,1.3451899999999999,1.35586,6756244.0
TRKCM.IS,20120412,1.3505200000000002,1.38255,1.3451899999999999,1.3505200000000002,5125857.0
TRKCM.IS,20120411,1.37721,1.41458,1.3665399999999999,1.37721,4659313.0
TRKCM.IS,20120410,1.41458,1.45195,1.40924,1.41458,3002494.0
TRKCM.IS,20120409,1.44127,1.44661,1.42526,1.44127,1227839.0
TRKCM.IS,20120406,1.44661,1.46796,1.44127,1.44661,1217879.0
TRKCM.IS,20120405,1.45728,1.46796,1.45195,1.45728,2076284.0
TRKCM.IS,20120404,1.45728,1.49999,1.45195,1.45728,5276978.0
TRKCM.IS,20120403,1.49999,1.5106600000000001,1.4893100000000001,1.49999,5673956.0
TRKCM.IS,20120402,1.48397,1.4893100000000001,1.46796,1.48397,1809722.0
TRKCM.IS,20120330,1.47864,1.5106600000000001,1.47864,1.47864,2211298.0
TRKCM.IS,20120329,1.4893100000000001,1.5053299999999998,1.47864,1.4893100000000001,2000798.0
TRKCM.IS,20120328,1.5053299999999998,1.52134,1.49999,1.5053299999999998,1435845.0
TRKCM.IS,20120327,1.5053299999999998,1.53735,1.49465,1.5053299999999998,3301909.0
TRKCM.IS,20120326,1.5320200000000002,1.5320200000000002,1.5053299999999998,1.5320200000000002,1110030.0
TRKCM.IS,20120323,1.5053299999999998,1.52668,1.5053299999999998,1.5053299999999998,625207.0
TRKCM.IS,20120322,1.516,1.5533700000000001,1.516,1.516,2803130.0
TRKCM.IS,20120321,1.54269,1.54803,1.52668,1.54269,2228050.0
TRKCM.IS,20120320,1.52668,1.5320200000000002,1.516,1.52668,1381877.0
TRKCM.IS,20120319,1.52134,1.5747200000000001,1.516,1.52134,5183171.0
TRKCM.IS,20120316,1.56938,1.59073,1.55871,1.56938,2496287.0
TRKCM.IS,20120315,1.5640399999999999,1.58006,1.55871,1.5640399999999999,1582348.0
TRKCM.IS,20120314,1.5640399999999999,1.56938,1.52668,1.5640399999999999,3835506.0
TRKCM.IS,20120313,1.52134,1.53735,1.516,1.52134,1800531.0
TRKCM.IS,20120312,1.52134,1.52134,1.49999,1.52134,1031780.0
TRKCM.IS,20120309,1.5053299999999998,1.52668,1.49999,1.5053299999999998,3770243.0
TRKCM.IS,20120308,1.52134,1.54269,1.5106600000000001,1.52134,1953333.0
TRKCM.IS,20120307,1.52134,1.5320200000000002,1.48397,1.52134,2103135.0
TRKCM.IS,20120306,1.4893100000000001,1.5053299999999998,1.48397,1.4893100000000001,2098924.0
TRKCM.IS,20120305,1.49465,1.52134,1.49465,1.49465,1490885.0
TRKCM.IS,20120302,1.52134,1.5320200000000002,1.5053299999999998,1.52134,2283838.0
TRKCM.IS,20120301,1.5106600000000001,1.52134,1.4733,1.5106600000000001,5692967.0
TRKCM.IS,20120229,1.48397,1.49999,1.4733,1.48397,3316357.0
TRKCM.IS,20120228,1.46796,1.46796,1.44661,1.46796,4059976.0
TRKCM.IS,20120227,1.44127,1.46796,1.43593,1.44127,1707396.0
TRKCM.IS,20120224,1.46796,1.4733,1.45195,1.46796,974566.0
TRKCM.IS,20120223,1.4733,1.47864,1.44661,1.4733,1432051.0
TRKCM.IS,20120222,1.4733,1.49999,1.46796,1.4733,1943256.0
TRKCM.IS,20120221,1.49465,1.52134,1.47864,1.49465,2129656.0
TRKCM.IS,20120220,1.5106600000000001,1.52134,1.5053299999999998,1.5106600000000001,1832048.0
TRKCM.IS,20120217,1.49465,1.5053299999999998,1.47864,1.49465,1400238.0
TRKCM.IS,20120216,1.46796,1.47864,1.45195,1.46796,1221749.0
TRKCM.IS,20120215,1.4733,1.47864,1.44661,1.4733,2431400.0
TRKCM.IS,20120214,1.46262,1.5106600000000001,1.45728,1.46262,2400377.0
TRKCM.IS,20120213,1.5106600000000001,1.5106600000000001,1.47864,1.5106600000000001,3939106.0
TRKCM.IS,20120210,1.4893100000000001,1.53735,1.4733,1.4893100000000001,866221.0
TRKCM.IS,20120209,1.53735,1.56938,1.52668,1.53735,1030667.0
TRKCM.IS,20120208,1.55871,1.59073,1.55871,1.55871,4256637.0
TRKCM.IS,20120207,1.54269,1.54803,1.4893100000000001,1.54269,5503935.0
TRKCM.IS,20120206,1.4893100000000001,1.516,1.4733,1.4893100000000001,3952029.0
TRKCM.IS,20120203,1.49999,1.5106600000000001,1.4893100000000001,1.49999,2298669.0
TRKCM.IS,20120202,1.49999,1.52134,1.48397,1.49999,3612784.0
TRKCM.IS,20120201,1.49999,1.49999,1.40924,1.49999,6562951.0
TRKCM.IS,20120131,1.41458,1.42526,1.38789,1.41458,5037634.0
TRKCM.IS,20120130,1.4039,1.42526,1.38789,1.4039,3888295.0
TRKCM.IS,20120127,1.40924,1.42526,1.39323,1.40924,5222440.0
TRKCM.IS,20120126,1.39857,1.40924,1.38789,1.39857,4185635.0
TRKCM.IS,20120125,1.3612,1.40924,1.35586,1.3612,1942218.0
TRKCM.IS,20120124,1.37721,1.41458,1.3665399999999999,1.37721,1599309.0
TRKCM.IS,20120123,1.4039,1.40924,1.37721,1.4039,2002178.0
TRKCM.IS,20120120,1.38255,1.38255,1.3612,1.38255,1985863.0
TRKCM.IS,20120119,1.35586,1.37188,1.33451,1.35586,2303454.0
TRKCM.IS,20120118,1.33985,1.3451899999999999,1.3238299999999998,1.33985,852269.0
TRKCM.IS,20120117,1.33451,1.3451899999999999,1.31849,1.33451,1180749.0
TRKCM.IS,20120116,1.30782,1.31316,1.27579,1.30782,996277.0
TRKCM.IS,20120113,1.27579,1.30782,1.26511,1.27579,1461991.0
TRKCM.IS,20120112,1.28647,1.29714,1.26511,1.28647,1494467.0
TRKCM.IS,20120111,1.26511,1.27045,1.2491,1.26511,815281.0
TRKCM.IS,20120110,1.25978,1.27045,1.2491,1.25978,989688.0
TRKCM.IS,20120109,1.23842,1.27579,1.22775,1.23842,1130910.0
TRKCM.IS,20120106,1.26511,1.3024799999999999,1.26511,1.26511,1031289.0
TRKCM.IS,20120105,1.2918,1.31316,1.2811299999999999,1.2918,1020847.0
TRKCM.IS,20120104,1.29714,1.33451,1.2918,1.29714,2567725.0
TRKCM.IS,20120103,1.31849,1.3238299999999998,1.30782,1.31849,2136171.0
TRKCM.IS,20120102,1.3024799999999999,1.30782,1.29714,1.3024799999999999,574816.0
TRKCM.IS,20111230,1.2918,1.31316,1.2918,1.2918,716059.0
TRKCM.IS,20111229,1.3024799999999999,1.30782,1.2918,1.3024799999999999,758262.0
TRKCM.IS,20111228,1.3024799999999999,1.32917,1.29714,1.3024799999999999,829135.0
TRKCM.IS,20111227,1.30782,1.31849,1.3024799999999999,1.30782,771209.0
TRKCM.IS,20111226,1.31849,1.31849,1.3024799999999999,1.31849,428221.0
TRKCM.IS,20111223,1.3024799999999999,1.3238299999999998,1.29714,1.3024799999999999,737616.0
TRKCM.IS,20111222,1.31316,1.3451899999999999,1.3024799999999999,1.31316,1435987.0
TRKCM.IS,20111221,1.33451,1.3665399999999999,1.3238299999999998,1.33451,1097947.0
TRKCM.IS,20111220,1.3451899999999999,1.3505200000000002,1.29714,1.3451899999999999,1725329.0
TRKCM.IS,20111219,1.3238299999999998,1.3505200000000002,1.31316,1.3238299999999998,433601.0
TRKCM.IS,20111216,1.35586,1.37188,1.3451899999999999,1.35586,878557.0
TRKCM.IS,20111215,1.33985,1.35586,1.32917,1.33985,516486.0
TRKCM.IS,20111214,1.31849,1.3505200000000002,1.30782,1.31849,929020.0
TRKCM.IS,20111213,1.3505200000000002,1.35586,1.33451,1.3505200000000002,1277771.0
TRKCM.IS,20111212,1.33985,1.37721,1.3238299999999998,1.33985,1313963.0
TRKCM.IS,20111209,1.37188,1.37721,1.32917,1.37188,1923975.0
TRKCM.IS,20111208,1.43593,1.43593,1.3451899999999999,1.3665399999999999,1414194.0
TRKCM.IS,20111207,1.43059,1.45728,1.41458,1.43059,1420212.0
TRKCM.IS,20111206,1.43059,1.46262,1.43059,1.43059,1607485.0
TRKCM.IS,20111205,1.46796,1.4733,1.44661,1.46796,808121.0
TRKCM.IS,20111202,1.43059,1.44661,1.41992,1.43059,1112501.0
TRKCM.IS,20111201,1.41458,1.44127,1.40924,1.41458,2095561.0
TRKCM.IS,20111130,1.42526,1.46796,1.3451899999999999,1.42526,9479451.0
TRKCM.IS,20111129,1.35586,1.3612,1.33985,1.35586,4263782.0
TRKCM.IS,20111128,1.3505200000000002,1.3612,1.33451,1.3505200000000002,4534216.0
TRKCM.IS,20111125,1.3238299999999998,1.3451899999999999,1.29714,1.3238299999999998,3500887.0
TRKCM.IS,20111124,1.3238299999999998,1.4039,1.31849,1.3238299999999998,1178655.0
TRKCM.IS,20111123,1.38255,1.43059,1.37188,1.38255,1443119.0
TRKCM.IS,20111122,1.4039,1.46262,1.38255,1.4039,3110058.0
TRKCM.IS,20111121,1.43593,1.48397,1.43593,1.43593,2692149.0
TRKCM.IS,20111118,1.46262,1.47864,1.45195,1.46262,1025859.0
TRKCM.IS,20111117,1.4733,1.49465,1.45195,1.4733,1753548.0
TRKCM.IS,20111116,1.4893100000000001,1.5106600000000001,1.45728,1.4893100000000001,7017429.0
TRKCM.IS,20111115,1.45195,1.46262,1.44661,1.45728,1401782.0
TRKCM.IS,20111114,1.45195,1.49465,1.44661,1.45195,1055529.0
TRKCM.IS,20111111,1.4733,1.47864,1.45195,1.4733,2325327.0
TRKCM.IS,20111110,1.45728,1.47864,1.45195,1.45728,2923424.0
TRKCM.IS,20111109,,,,,
TRKCM.IS,20111108,,,,,
TRKCM.IS,20111107,,,,,
TRKCM.IS,20111104,1.49465,1.516,1.47864,1.49465,2102766.0
TRKCM.IS,20111103,1.48397,1.516,1.44127,1.48397,2450268.0
TRKCM.IS,20111102,1.45728,1.4733,1.44127,1.45728,2343988.0
TRKCM.IS,20111101,1.45728,1.49465,1.43593,1.45728,1752697.0
TRKCM.IS,20111031,1.52668,1.54803,1.5106600000000001,1.52668,1512416.0
TRKCM.IS,20111028,1.52134,1.5533700000000001,1.516,1.5320200000000002,1482755.0
TRKCM.IS,20111027,1.5106600000000001,1.52134,1.4733,1.5106600000000001,3522003.0
TRKCM.IS,20111026,1.46262,1.4893100000000001,1.45195,1.46262,1916119.0
TRKCM.IS,20111025,1.52134,1.52668,1.48397,1.4893100000000001,2839350.0
TRKCM.IS,20111024,1.516,1.5747200000000001,1.5053299999999998,1.516,1737855.0
TRKCM.IS,20111021,1.54269,1.54803,1.5106600000000001,1.54269,969999.0
TRKCM.IS,20111020,1.53735,1.5640399999999999,1.52668,1.53735,1096553.0
TRKCM.IS,20111019,1.56938,1.60141,1.5533700000000001,1.56938,1296314.0
TRKCM.IS,20111018,1.5854,1.59607,1.56938,1.5854,876017.0
TRKCM.IS,20111017,1.58006,1.62276,1.5747200000000001,1.58006,1156875.0
TRKCM.IS,20111014,1.60141,1.61209,1.59607,1.60141,951756.0
TRKCM.IS,20111013,1.60675,1.63344,1.59607,1.60675,2463449.0
TRKCM.IS,20111012,1.62276,1.6281,1.59073,1.62276,1877033.0
TRKCM.IS,20111011,1.59607,1.60141,1.58006,1.59607,1688136.0
TRKCM.IS,20111010,1.59073,1.60141,1.5854,1.59073,1683320.0
TRKCM.IS,20111007,1.5747200000000001,1.59607,1.55871,1.5747200000000001,1191168.0
TRKCM.IS,20111006,1.56938,1.5747200000000001,1.55871,1.56938,1444692.0
TRKCM.IS,20111005,1.5533700000000001,1.56938,1.54803,1.5533700000000001,2337476.0
TRKCM.IS,20111004,1.55871,1.60141,1.54803,1.55871,3644000.0
TRKCM.IS,20111003,1.60141,1.61209,1.5747200000000001,1.60141,2991715.0
TRKCM.IS,20110930,1.61209,1.6281,1.58006,1.61209,2499043.0
TRKCM.IS,20110929,1.62276,1.6281,1.56938,1.62276,3505771.0
TRKCM.IS,20110928,1.5747200000000001,1.59607,1.5640399999999999,1.5747200000000001,3223127.0
TRKCM.IS,20110927,1.5640399999999999,1.56938,1.52134,1.5640399999999999,2668824.0
TRKCM.IS,20110926,1.49999,1.516,1.45728,1.49999,1184104.0
TRKCM.IS,20110923,1.47864,1.52668,1.45195,1.47864,1868579.0
TRKCM.IS,20110922,1.52134,1.56938,1.516,1.52134,1783712.0
TRKCM.IS,20110921,1.59073,1.61209,1.58006,1.59073,2970542.0
TRKCM.IS,20110920,1.56938,1.59073,1.52668,1.56938,3082876.0
TRKCM.IS,20110919,1.53735,1.54803,1.5320200000000002,1.53735,1157885.0
TRKCM.IS,20110916,1.54269,1.55871,1.53735,1.54269,961277.0
TRKCM.IS,20110915,1.54803,1.54803,1.5320200000000002,1.54803,1256882.0
TRKCM.IS,20110914,1.5320200000000002,1.5533700000000001,1.52134,1.5320200000000002,1517798.0
TRKCM.IS,20110913,1.54269,1.54269,1.516,1.54269,1372250.0
TRKCM.IS,20110912,1.52134,1.52668,1.48397,1.52134,1151500.0
TRKCM.IS,20110909,1.52134,1.5854,1.49999,1.52134,2125570.0
TRKCM.IS,20110908,1.54803,1.54803,1.4733,1.54803,3755327.0
TRKCM.IS,20110907,1.4733,1.49465,1.46796,1.4733,2285938.0
TRKCM.IS,20110906,1.46796,1.49465,1.45195,1.46796,2579589.0
TRKCM.IS,20110905,1.46796,1.49465,1.43059,1.46796,3413359.0
TRKCM.IS,20110902,1.46796,1.4893100000000001,1.38789,1.46796,7604305.0
TRKCM.IS,20110901,1.3665399999999999,1.3665399999999999,1.3665399999999999,1.3665399999999999,0.0
TRKCM.IS,20110831,1.3665399999999999,1.3665399999999999,1.3665399999999999,1.3665399999999999,0.0
TRKCM.IS,20110830,1.3665399999999999,1.3665399999999999,1.3665399999999999,1.3665399999999999,0.0
TRKCM.IS,20110829,1.516,1.5320200000000002,1.3665399999999999,1.3665399999999999,2482574.0
TRKCM.IS,20110826,1.49999,1.53735,1.38789,1.49999,1035763.0
TRKCM.IS,20110825,1.52668,1.56938,1.516,1.52668,1074577.0
TRKCM.IS,20110824,1.54803,1.58006,1.53735,1.54803,1290608.0
TRKCM.IS,20110823,1.53735,1.55871,1.48397,1.53735,1175541.0
TRKCM.IS,20110822,1.52668,1.5854,1.46262,1.52668,1076368.0
TRKCM.IS,20110819,1.5320200000000002,1.54269,1.40924,1.5320200000000002,1332102.0
TRKCM.IS,20110818,1.46796,1.61742,1.44127,1.46796,1455430.0
TRKCM.IS,20110817,1.61742,1.64412,1.61209,1.61742,1384498.0
TRKCM.IS,20110816,1.64412,1.6601299999999999,1.59073,1.64412,1281861.0
TRKCM.IS,20110815,1.64945,1.6921599999999999,1.60675,1.64945,1400223.0
TRKCM.IS,20110812,1.63878,1.63878,1.516,1.63878,1294956.0
TRKCM.IS,20110811,1.52668,1.60141,1.48397,1.52668,1499889.0
TRKCM.IS,20110810,1.4893100000000001,1.60141,1.42526,1.4893100000000001,2064152.0
TRKCM.IS,20110809,1.49465,1.5320200000000002,1.4039,1.49465,1591216.0
TRKCM.IS,20110808,1.5320200000000002,1.6975,1.5106600000000001,1.5320200000000002,2219693.0
TRKCM.IS,20110805,1.6814799999999999,1.75088,1.67081,1.6814799999999999,1477577.0
TRKCM.IS,20110804,1.79358,1.87365,1.76155,1.79358,1713501.0
TRKCM.IS,20110803,1.81493,1.87365,1.79892,1.81493,715325.0
TRKCM.IS,20110802,1.895,1.91635,1.8789900000000002,1.895,466125.0
TRKCM.IS,20110801,1.91635,1.94305,1.9003400000000001,1.91635,513088.0
TRKCM.IS,20110729,1.9216900000000001,1.94838,1.9003400000000001,1.9216900000000001,795397.0
TRKCM.IS,20110728,1.91635,1.92703,1.8576400000000002,1.91635,257507.0
TRKCM.IS,20110727,1.9003400000000001,1.91635,1.86831,1.9003400000000001,306251.0
TRKCM.IS,20110726,1.9056799999999998,1.9216900000000001,1.84696,1.9056799999999998,674514.0
TRKCM.IS,20110725,1.84162,1.84696,1.76689,1.84162,937345.0
TRKCM.IS,20110722,1.8523,1.895,1.83095,1.8523,851590.0
TRKCM.IS,20110721,1.86831,1.9590599999999998,1.83095,1.86831,769523.0
TRKCM.IS,20110720,1.94838,1.96974,1.9216900000000001,1.94838,1501494.0
TRKCM.IS,20110719,1.97507,1.9910900000000002,1.9056799999999998,1.97507,2235822.0
TRKCM.IS,20110718,1.92703,1.9537200000000001,1.9216900000000001,1.92703,527833.0
TRKCM.IS,20110715,1.94838,1.97507,1.91635,1.94838,677764.0
TRKCM.IS,20110714,1.98575,2.00176,1.9644,1.98575,2181473.0
TRKCM.IS,20110713,1.9590599999999998,1.98575,1.9377099999999998,1.9590599999999998,1577466.0
TRKCM.IS,20110712,1.9590599999999998,1.97507,1.9110200000000002,1.9590599999999998,610140.0
TRKCM.IS,20110711,1.94305,1.9644,1.9377099999999998,1.94305,185184.0
TRKCM.IS,20110708,1.97507,2.00176,1.96974,1.97507,1487103.0
TRKCM.IS,20110707,1.96974,1.9804099999999998,1.9110200000000002,1.96974,1230018.0
TRKCM.IS,20110706,1.92703,1.9590599999999998,1.9110200000000002,1.92703,1081697.0
TRKCM.IS,20110705,1.94305,1.9537200000000001,1.84696,1.94305,3479021.0
TRKCM.IS,20110704,1.84696,1.86297,1.83095,1.84696,1014212.0
TRKCM.IS,20110701,1.83628,1.84696,1.83095,1.83628,182777.0
TRKCM.IS,20110630,1.8523,1.86297,1.83628,1.8523,732949.0
TRKCM.IS,20110629,1.83628,1.8576400000000002,1.83628,1.83628,357506.0
TRKCM.IS,20110628,1.84696,1.8576400000000002,1.83095,1.84696,1680268.0
TRKCM.IS,20110627,1.82561,1.83628,1.8042599999999998,1.82561,504727.0
TRKCM.IS,20110624,1.81493,1.83628,1.78824,1.81493,1056793.0
TRKCM.IS,20110623,1.77757,1.79892,1.7402,1.77757,447637.0
TRKCM.IS,20110622,1.77757,1.84696,1.75088,1.77757,917201.0
TRKCM.IS,20110621,1.84696,1.8523,1.83628,1.84696,558769.0
TRKCM.IS,20110620,1.84696,1.8523,1.79892,1.84696,1731367.0
TRKCM.IS,20110617,1.8789900000000002,1.88966,1.7562099999999998,1.8789900000000002,5677026.0
TRKCM.IS,20110616,1.74554,1.77757,1.7241900000000001,1.74554,1140112.0
TRKCM.IS,20110615,1.76155,1.8042599999999998,1.74554,1.76155,1023953.0
TRKCM.IS,20110614,1.79358,1.8523,1.77223,1.79358,778247.0
TRKCM.IS,20110613,1.84696,1.86297,1.84162,1.84696,607008.0
TRKCM.IS,20110610,1.83628,1.8523,1.81493,1.83628,1767680.0
TRKCM.IS,20110609,1.83095,1.8523,1.82561,1.83095,1329877.0
TRKCM.IS,20110608,1.84696,1.8576400000000002,1.84162,1.84696,511299.0
TRKCM.IS,20110607,1.8523,1.86831,1.84162,1.8523,462365.0
TRKCM.IS,20110606,1.84696,1.8843299999999998,1.84696,1.84696,972363.0
TRKCM.IS,20110603,1.86297,1.8789900000000002,1.8523,1.86297,897405.0
TRKCM.IS,20110602,1.86297,1.87365,1.84696,1.86297,749924.0
TRKCM.IS,20110601,1.8843299999999998,1.9003400000000001,1.86297,1.8843299999999998,2419866.0
TRKCM.IS,20110531,1.87365,1.9056799999999998,1.86831,1.87365,1168287.0
TRKCM.IS,20110530,1.8789900000000002,1.9003400000000001,1.84696,1.8789900000000002,2028315.0
TRKCM.IS,20110527,1.83628,1.8789900000000002,1.8095900000000003,1.83628,944456.0
TRKCM.IS,20110526,1.8576400000000002,1.9003400000000001,1.8523,1.8576400000000002,1328742.0
TRKCM.IS,20110525,1.84696,1.9110200000000002,1.84162,1.84696,2970319.0
TRKCM.IS,20110524,1.86297,1.86831,1.84696,1.86297,1082563.0
TRKCM.IS,20110523,1.84162,1.9056799999999998,1.82561,1.84162,1699790.0
TRKCM.IS,20110520,1.87365,1.895,1.8576400000000002,1.87365,1358914.0
TRKCM.IS,20110519,1.86297,1.86297,1.86297,1.86297,0.0
TRKCM.IS,20110518,1.87365,1.92703,1.8523,1.87365,2140907.0
TRKCM.IS,20110517,1.9056799999999998,1.9323700000000001,1.9003400000000001,1.9056799999999998,2146898.0
TRKCM.IS,20110516,1.9056799999999998,1.94305,1.895,1.9056799999999998,3782352.0
TRKCM.IS,20110513,1.91635,1.96974,1.9110200000000002,1.91635,3503452.0
TRKCM.IS,20110512,1.9590599999999998,1.97507,1.92703,1.9590599999999998,1841685.0
TRKCM.IS,20110511,1.9537200000000001,2.00176,1.94838,1.9537200000000001,2232731.0
TRKCM.IS,20110510,1.98575,2.00176,1.97507,1.98575,4268714.0
TRKCM.IS,20110509,1.9910900000000002,2.02312,1.97507,1.9910900000000002,3664183.0
TRKCM.IS,20110506,1.96974,2.03913,1.9644,1.96974,1844146.0
TRKCM.IS,20110505,2.03379,2.03913,1.98575,2.03379,2350760.0
TRKCM.IS,20110504,2.00176,2.01778,1.9910900000000002,2.00176,3689640.0
TRKCM.IS,20110503,2.0071,2.01778,1.98575,2.0071,1643406.0
TRKCM.IS,20110502,2.0124400000000002,2.01778,1.9910900000000002,2.0124400000000002,934840.0
TRKCM.IS,20110429,1.9910900000000002,2.0071,1.98575,1.9910900000000002,1277693.0
TRKCM.IS,20110428,1.99643,2.02312,1.98575,1.99643,1073342.0
TRKCM.IS,20110427,2.00176,2.02845,2.00176,2.00176,1829549.0
TRKCM.IS,20110426,2.00176,2.0124400000000002,1.9910900000000002,2.00176,1036951.0
TRKCM.IS,20110425,2.0071,2.0124400000000002,1.9910900000000002,2.0071,516136.0
TRKCM.IS,20110422,1.99643,2.0071,1.97507,1.99643,1111540.0
TRKCM.IS,20110421,1.96974,2.00176,1.9644,1.96974,1250915.0
TRKCM.IS,20110420,1.9804099999999998,2.02312,1.9644,1.9804099999999998,3013367.0
TRKCM.IS,20110419,1.94838,2.14589,1.895,1.94838,6937973.0
TRKCM.IS,20110418,1.91635,2.06582,1.86297,1.91635,1803414.0
TRKCM.IS,20110415,2.04981,2.08183,2.04447,2.04981,951052.0
TRKCM.IS,20110414,2.05514,2.0765,2.04981,2.05514,910133.0
TRKCM.IS,20110413,2.02845,2.05514,1.99643,2.02845,1067335.0
TRKCM.IS,20110412,2.01778,2.02845,2.00176,2.01778,646101.0
TRKCM.IS,20110411,2.02312,2.03913,1.96974,2.02312,2064846.0
TRKCM.IS,20110408,1.97507,1.99643,1.9323700000000001,1.97507,2379246.0
TRKCM.IS,20110407,1.9323700000000001,1.9537200000000001,1.91635,1.9323700000000001,2028139.0
TRKCM.IS,20110406,1.9216900000000001,1.94305,1.86831,1.9216900000000001,5168669.0
TRKCM.IS,20110405,1.9056799999999998,1.91635,1.895,1.9056799999999998,869932.0
TRKCM.IS,20110404,1.9110200000000002,1.94305,1.9003400000000001,1.9110200000000002,1719479.0
TRKCM.IS,20110401,1.9377099999999998,1.96974,1.91635,1.9377099999999998,2591337.0
TRKCM.IS,20110331,1.92703,1.9323700000000001,1.8789900000000002,1.92703,2212271.0
TRKCM.IS,20110330,1.9110200000000002,1.9216900000000001,1.82561,1.9110200000000002,4327275.0
TRKCM.IS,20110329,1.82561,1.83095,1.76689,1.82561,6266282.0
TRKCM.IS,20110328,1.77757,1.78824,1.76689,1.77757,1464805.0
TRKCM.IS,20110325,1.77223,1.8095900000000003,1.76689,1.77223,1289188.0
TRKCM.IS,20110324,1.7829,1.78824,1.76155,1.7829,1551681.0
TRKCM.IS,20110323,1.76155,1.79358,1.7562099999999998,1.76155,1028213.0
TRKCM.IS,20110322,1.78824,1.79358,1.7348599999999998,1.78824,10303839.0
TRKCM.IS,20110321,1.7135099999999999,1.7295200000000002,1.6921599999999999,1.7135099999999999,1858157.0
TRKCM.IS,20110318,1.6921599999999999,1.75088,1.6601299999999999,1.6921599999999999,3023444.0
TRKCM.IS,20110317,1.7241900000000001,1.7402,1.7135099999999999,1.7241900000000001,1222060.0
TRKCM.IS,20110316,1.7135099999999999,1.74554,1.7135099999999999,1.7135099999999999,2929252.0
TRKCM.IS,20110315,1.70817,1.7348599999999998,1.7028299999999998,1.70817,2903250.0
TRKCM.IS,20110314,1.7562099999999998,1.76155,1.7295200000000002,1.7562099999999998,2257602.0
TRKCM.IS,20110311,1.7295200000000002,1.7348599999999998,1.68682,1.7295200000000002,1619307.0
TRKCM.IS,20110310,1.7402,1.75088,1.6547900000000002,1.7402,2609377.0
TRKCM.IS,20110309,1.6761400000000002,1.6921599999999999,1.64945,1.6761400000000002,1309562.0
TRKCM.IS,20110308,1.6761400000000002,1.7028299999999998,1.63878,1.6761400000000002,1293144.0
TRKCM.IS,20110307,1.6281,1.6814799999999999,1.60675,1.6281,907982.0
TRKCM.IS,20110304,1.6547900000000002,1.6921599999999999,1.60141,1.6547900000000002,3812339.0
TRKCM.IS,20110303,1.60675,1.61209,1.5053299999999998,1.60675,3016306.0
TRKCM.IS,20110302,1.4893100000000001,1.516,1.45728,1.4893100000000001,7622815.0
TRKCM.IS,20110301,1.5106600000000001,1.5533700000000001,1.49999,1.5106600000000001,4164440.0
TRKCM.IS,20110228,1.54269,1.5747200000000001,1.49999,1.54269,1872561.0
TRKCM.IS,20110225,1.55871,1.59073,1.5320200000000002,1.55871,4519520.0
TRKCM.IS,20110224,1.53735,1.6281,1.49999,1.53735,7732929.0
TRKCM.IS,20110223,1.6281,1.64412,1.60141,1.6281,4931100.0
TRKCM.IS,20110222,1.59607,1.62276,1.56938,1.59607,4062033.0
TRKCM.IS,20110221,1.64945,1.6761400000000002,1.62276,1.64945,1491432.0
TRKCM.IS,20110218,1.67081,1.70817,1.6547900000000002,1.67081,2121085.0
TRKCM.IS,20110217,1.68682,1.76689,1.6761400000000002,1.68682,3198759.0
TRKCM.IS,20110216,1.76155,1.76689,1.75088,1.76155,1521138.0
TRKCM.IS,20110215,1.74554,1.79892,1.74554,1.74554,1904318.0
TRKCM.IS,20110214,1.7829,1.79358,1.77223,1.7829,1750992.0
TRKCM.IS,20110211,1.76689,1.8042599999999998,1.76155,1.76689,1831233.0
TRKCM.IS,20110210,1.79892,1.82027,1.78824,1.79892,1383981.0
TRKCM.IS,20110209,1.83628,1.8576400000000002,1.83095,1.83628,1150346.0
TRKCM.IS,20110208,1.84162,1.8843299999999998,1.77757,1.84162,3364232.0
TRKCM.IS,20110207,1.77757,1.7829,1.75088,1.77757,2100623.0
TRKCM.IS,20110204,1.76155,1.77223,1.7348599999999998,1.76155,2126353.0
TRKCM.IS,20110203,1.7562099999999998,1.81493,1.74554,1.7562099999999998,1381422.0
TRKCM.IS,20110202,1.8095900000000003,1.83628,1.79892,1.8095900000000003,1149769.0
TRKCM.IS,20110201,1.79358,1.79892,1.77757,1.79358,2233574.0
TRKCM.IS,20110131,1.7829,1.84696,1.77223,1.7829,3026705.0
TRKCM.IS,20110128,1.8576400000000002,1.9216900000000001,1.77757,1.8576400000000002,3691635.0
TRKCM.IS,20110127,1.91635,1.94838,1.9003400000000001,1.91635,2011584.0
TRKCM.IS,20110126,1.94305,1.9537200000000001,1.9110200000000002,1.94305,5799444.0
TRKCM.IS,20110125,1.9110200000000002,1.9323700000000001,1.88966,1.9110200000000002,2336910.0
TRKCM.IS,20110124,1.91635,1.94838,1.86297,1.91635,5163345.0
TRKCM.IS,20110121,1.86831,1.895,1.83095,1.86831,9152355.0
TRKCM.IS,20110120,1.83095,1.84696,1.78824,1.83095,2897558.0
TRKCM.IS,20110119,1.84162,1.8789900000000002,1.84162,1.84162,2399806.0
TRKCM.IS,20110118,1.8523,1.8523,1.81493,1.8523,3511453.0
TRKCM.IS,20110117,1.8095900000000003,1.83628,1.7829,1.8095900000000003,3585811.0
TRKCM.IS,20110114,1.7829,1.79892,1.74554,1.7829,3612456.0
TRKCM.IS,20110113,1.74554,1.76689,1.7402,1.74554,1938707.0
TRKCM.IS,20110112,1.7348599999999998,1.77757,1.7295200000000002,1.7348599999999998,3236801.0
TRKCM.IS,20110111,1.7295200000000002,1.74554,1.71885,1.7295200000000002,881189.0
TRKCM.IS,20110110,1.7295200000000002,1.76689,1.7241900000000001,1.7295200000000002,1724228.0
TRKCM.IS,20110107,1.76689,1.76689,1.7241900000000001,1.76689,2928219.0
TRKCM.IS,20110106,1.7402,1.77223,1.71885,1.7402,8038670.0
TRKCM.IS,20110105,1.7348599999999998,1.75088,1.70817,1.7348599999999998,1773651.0
TRKCM.IS,20110104,1.71885,1.7295200000000002,1.6921599999999999,1.71885,2274273.0
TRKCM.IS,20110103,1.7028299999999998,1.7135099999999999,1.6814799999999999,1.7028299999999998,1462701.0
TRKCM.IS,20101231,1.6975,1.7348599999999998,1.6601299999999999,1.6975,1299954.0
TRKCM.IS,20101230,1.7295200000000002,1.7295200000000002,1.6814799999999999,1.7295200000000002,1401995.0
TRKCM.IS,20101229,1.6975,1.6975,1.64412,1.6975,1984884.0
TRKCM.IS,20101228,1.64412,1.66547,1.63878,1.64412,744564.0
TRKCM.IS,20101227,1.63878,1.67081,1.6281,1.63878,681193.0
TRKCM.IS,20101224,1.6601299999999999,1.67081,1.64945,1.6601299999999999,771954.0
TRKCM.IS,20101223,1.64945,1.6601299999999999,1.63878,1.64945,554041.0
TRKCM.IS,20101222,1.64412,1.67081,1.64412,1.64412,1134532.0
TRKCM.IS,20101221,1.66547,1.66547,1.60141,1.66547,4103607.0
TRKCM.IS,20101220,1.64412,1.6601299999999999,1.62276,1.63344,1063125.0
TRKCM.IS,20101217,1.6547900000000002,1.6547900000000002,1.59073,1.60141,785682.0
TRKCM.IS,20101216,1.66547,1.66547,1.64412,1.6547900000000002,792614.0
TRKCM.IS,20101215,1.63344,1.66547,1.62276,1.6601299999999999,1452407.0
TRKCM.IS,20101214,1.61742,1.63878,1.60141,1.62276,1042706.0
TRKCM.IS,20101213,1.61209,1.61742,1.5854,1.60675,980510.0
TRKCM.IS,20101210,1.59607,1.62276,1.5854,1.59607,989802.0
TRKCM.IS,20101209,1.59607,1.64412,1.59607,1.59607,2219871.0
TRKCM.IS,20101208,1.59607,1.6281,1.58006,1.59607,4554576.0
TRKCM.IS,20101207,1.59607,1.61209,1.5747200000000001,1.59607,3007153.0
TRKCM.IS,20101206,1.59073,1.60141,1.5640399999999999,1.59073,2610041.0
TRKCM.IS,20101203,1.58006,1.58006,1.5533700000000001,1.58006,3658535.0
TRKCM.IS,20101202,1.55871,1.55871,1.52668,1.55871,3938984.0
TRKCM.IS,20101201,1.53735,1.53735,1.516,1.53735,1350002.0
TRKCM.IS,20101130,1.5106600000000001,1.5320200000000002,1.49999,1.5106600000000001,3694726.0
TRKCM.IS,20101129,1.5106600000000001,1.56938,1.5106600000000001,1.5106600000000001,2141436.0
TRKCM.IS,20101126,1.55871,1.59607,1.5533700000000001,1.55871,2191441.0
TRKCM.IS,20101125,1.58006,1.61742,1.56938,1.58006,2306159.0
TRKCM.IS,20101124,1.59607,1.61742,1.55871,1.60141,1109584.0
TRKCM.IS,20101123,1.5854,1.61209,1.52668,1.5854,2688768.0
TRKCM.IS,20101122,1.61209,1.67081,1.60141,1.61209,947605.0
TRKCM.IS,20101119,1.61742,1.61742,1.61742,1.61742,0.0
TRKCM.IS,20101118,1.61742,1.61742,1.61742,1.61742,0.0
TRKCM.IS,20101117,1.61742,1.61742,1.61742,1.61742,0.0
TRKCM.IS,20101116,1.61742,1.61742,1.61742,1.61742,0.0
TRKCM.IS,20101115,1.6547900000000002,1.6547900000000002,1.5854,1.61742,2105456.0
TRKCM.IS,20101112,1.64412,1.6601299999999999,1.5533700000000001,1.64412,2006122.0
TRKCM.IS,20101111,1.66547,1.68682,1.6547900000000002,1.66547,284414.0
TRKCM.IS,20101110,1.68682,1.7028299999999998,1.64945,1.68682,1049530.0
TRKCM.IS,20101109,1.67081,1.6814799999999999,1.64945,1.67081,757211.0
TRKCM.IS,20101108,1.6601299999999999,1.67081,1.64412,1.6601299999999999,279254.0
TRKCM.IS,20101105,1.6761400000000002,1.68682,1.6601299999999999,1.6761400000000002,903420.0
TRKCM.IS,20101104,1.66547,1.6814799999999999,1.59607,1.66547,2157003.0
TRKCM.IS,20101103,1.59073,1.59073,1.55871,1.59073,1321027.0
TRKCM.IS,20101102,1.56938,1.63344,1.55871,1.56938,1527187.0
TRKCM.IS,20101101,1.62276,1.68682,1.60141,1.62276,1128070.0
TRKCM.IS,20101029,1.62276,1.62276,1.62276,1.62276,0.0
TRKCM.IS,20101028,1.64412,1.6547900000000002,1.59073,1.62276,691078.0
TRKCM.IS,20101027,1.64412,1.71885,1.64412,1.64412,957227.0
TRKCM.IS,20101026,1.71885,1.75088,1.6975,1.71885,1357556.0
TRKCM.IS,20101025,1.7402,1.75088,1.7295200000000002,1.7402,377272.0
TRKCM.IS,20101022,1.71885,1.75088,1.6975,1.71885,1363693.0
TRKCM.IS,20101021,1.68682,1.7295200000000002,1.68682,1.68682,1185794.0
TRKCM.IS,20101020,1.70817,1.71885,1.68682,1.70817,452680.0
TRKCM.IS,20101019,1.70817,1.70817,1.64412,1.70817,1966289.0
TRKCM.IS,20101018,1.6761400000000002,1.6975,1.62276,1.6761400000000002,1659916.0
TRKCM.IS,20101015,1.63344,1.64412,1.60141,1.63344,1574690.0
TRKCM.IS,20101014,1.60141,1.63344,1.60141,1.60141,2033175.0
TRKCM.IS,20101013,1.60141,1.63344,1.59073,1.60141,5145445.0
TRKCM.IS,20101012,1.60141,1.60141,1.56938,1.60141,4074877.0
TRKCM.IS,20101011,1.58006,1.59073,1.54803,1.58006,2398431.0
TRKCM.IS,20101008,1.55871,1.58006,1.53735,1.55871,2090220.0
TRKCM.IS,20101007,1.55871,1.60141,1.55871,1.55871,684649.0
TRKCM.IS,20101006,1.60141,1.61209,1.58006,1.60141,1350156.0
TRKCM.IS,20101005,1.60141,1.60141,1.54803,1.60141,1172435.0
TRKCM.IS,20101004,1.54803,1.56938,1.52668,1.54803,1532004.0
TRKCM.IS,20101001,1.55871,1.58006,1.53735,1.55871,3829823.0
TRKCM.IS,20100930,1.54803,1.55871,1.53735,1.54803,733347.0
TRKCM.IS,20100929,1.55871,1.55871,1.53735,1.55871,2312268.0
TRKCM.IS,20100928,1.53735,1.54803,1.52668,1.53735,2824820.0
TRKCM.IS,20100927,1.54803,1.58006,1.53735,1.54803,2300468.0
TRKCM.IS,20100924,1.52668,1.53735,1.48397,1.52668,3197725.0
TRKCM.IS,20100923,1.4733,1.52668,1.46262,1.4733,2387000.0
TRKCM.IS,20100922,1.49465,1.49465,1.45195,1.49465,2313098.0
TRKCM.IS,20100921,1.4733,1.49465,1.45195,1.4733,1689942.0
TRKCM.IS,20100920,1.45195,1.49465,1.44127,1.45195,1161999.0
TRKCM.IS,20100917,1.48397,1.52668,1.4733,1.48397,1655918.0
TRKCM.IS,20100916,1.5053299999999998,1.516,1.48397,1.5053299999999998,1705047.0
TRKCM.IS,20100915,1.49465,1.49465,1.4733,1.49465,3054446.0
TRKCM.IS,20100914,1.48397,1.49465,1.44127,1.48397,3585714.0
TRKCM.IS,20100913,1.43059,1.45195,1.41992,1.43059,2554451.0
TRKCM.IS,20100910,1.38789,1.38789,1.38789,1.38789,0.0
TRKCM.IS,20100909,1.38789,1.39857,1.38789,1.38789,2042699.0
TRKCM.IS,20100908,1.37721,1.39857,1.3665399999999999,1.38789,2042699.0
TRKCM.IS,20100907,1.38789,1.38789,1.3665399999999999,1.38789,1065390.0
TRKCM.IS,20100906,1.37721,1.38789,1.3451899999999999,1.37721,4018439.0
TRKCM.IS,20100903,1.3665399999999999,1.37721,1.35586,1.3665399999999999,1455189.0
TRKCM.IS,20100902,1.37721,1.40924,1.35586,1.37721,3248719.0
TRKCM.IS,20100901,1.37721,1.38789,1.33451,1.37721,5255819.0
TRKCM.IS,20100831,1.3505200000000002,1.3612,1.3238299999999998,1.3505200000000002,3638867.0
TRKCM.IS,20100830,1.33451,1.33451,1.33451,1.33451,0.0
TRKCM.IS,20100827,1.33985,1.33985,1.3024799999999999,1.33985,4827439.0
TRKCM.IS,20100826,1.31316,1.31849,1.2918,1.31316,3190705.0
TRKCM.IS,20100825,1.28647,1.32917,1.28647,1.28647,5348419.0
TRKCM.IS,20100824,1.3024799999999999,1.33451,1.24376,1.3024799999999999,7540832.0
TRKCM.IS,20100823,1.25978,1.25978,1.23842,1.25978,547081.0
TRKCM.IS,20100820,1.23842,1.25444,1.23309,1.23842,1076166.0
TRKCM.IS,20100819,1.2491,1.27579,1.2491,1.2491,1407068.0
TRKCM.IS,20100818,1.27579,1.2811299999999999,1.25978,1.27579,1211618.0
TRKCM.IS,20100817,1.2811299999999999,1.2918,1.25444,1.2811299999999999,4264748.0
TRKCM.IS,20100816,1.26511,1.2811299999999999,1.22241,1.26511,3110086.0
TRKCM.IS,20100813,1.23842,1.2491,1.21707,1.23842,3650833.0
TRKCM.IS,20100812,1.22241,1.22775,1.1957200000000001,1.22241,2048559.0
TRKCM.IS,20100811,1.2064,1.21173,1.1957200000000001,1.2064,1137540.0
TRKCM.IS,20100810,1.21707,1.22241,1.2064,1.21707,1345369.0
TRKCM.IS,20100809,1.21707,1.22775,1.2064,1.21707,1793778.0
TRKCM.IS,20100806,1.2064,1.21707,1.20106,1.2064,1183293.0
TRKCM.IS,20100805,1.21173,1.21707,1.20106,1.21173,1812367.0
TRKCM.IS,20100804,1.2064,1.22241,1.1850399999999999,1.2064,6775638.0
TRKCM.IS,20100803,1.19038,1.1957200000000001,1.1743700000000001,1.19038,4848960.0
TRKCM.IS,20100802,1.17971,1.17971,1.1530200000000002,1.16369,2236384.0
TRKCM.IS,20100730,1.15835,1.17971,1.1530200000000002,1.15835,2236354.0
TRKCM.IS,20100729,1.1743700000000001,1.19038,1.1743700000000001,1.1743700000000001,2297890.0
TRKCM.IS,20100728,1.1743700000000001,1.1850399999999999,1.16903,1.1743700000000001,6175575.0
TRKCM.IS,20100727,1.16903,1.1743700000000001,1.15835,1.16903,3080232.0
TRKCM.IS,20100726,1.16369,1.16369,1.14234,1.16369,1954873.0
TRKCM.IS,20100723,1.1530200000000002,1.1743700000000001,1.137,1.1530200000000002,11581960.0
TRKCM.IS,20100722,1.14234,1.15835,1.13166,1.14234,4602110.0
TRKCM.IS,20100721,1.137,1.14768,1.13166,1.137,5194679.0
TRKCM.IS,20100720,1.1263299999999998,1.1530200000000002,1.11565,1.1263299999999998,1861123.0
TRKCM.IS,20100719,1.14234,1.1530200000000002,1.1103100000000001,1.14234,2780620.0
TRKCM.IS,20100716,1.11565,1.13166,1.1103100000000001,1.11565,1486270.0
TRKCM.IS,20100715,1.12099,1.1530200000000002,1.11565,1.12099,3183171.0
TRKCM.IS,20100714,1.1263299999999998,1.14234,1.12099,1.1263299999999998,1252472.0
TRKCM.IS,20100713,1.1263299999999998,1.13166,1.11565,1.1263299999999998,1455800.0
TRKCM.IS,20100712,1.11565,1.1263299999999998,1.10497,1.11565,841703.0
TRKCM.IS,20100709,1.13166,1.137,1.11565,1.13166,547685.0
TRKCM.IS,20100708,1.1263299999999998,1.13166,1.11565,1.1263299999999998,2176846.0
TRKCM.IS,20100707,1.1103100000000001,1.13166,1.09964,1.1103100000000001,1194248.0
TRKCM.IS,20100706,1.13166,1.137,1.12099,1.13166,936639.0
TRKCM.IS,20100705,1.13166,1.137,1.12099,1.13166,338057.0
TRKCM.IS,20100702,1.12099,1.13166,1.08896,1.12099,250753.0
TRKCM.IS,20100701,1.1103100000000001,1.137,1.10497,1.1103100000000001,265367.0
TRKCM.IS,20100630,1.137,1.15835,1.137,1.137,514922.0
TRKCM.IS,20100629,1.14234,1.14768,1.13166,1.14234,353662.0
TRKCM.IS,20100628,1.14768,1.1530200000000002,1.137,1.14234,261733.0
TRKCM.IS,20100625,1.14234,1.14768,1.13166,1.14234,486010.0
TRKCM.IS,20100624,1.14234,1.15835,1.13166,1.14234,1336126.0
TRKCM.IS,20100623,1.14234,1.1530200000000002,1.1263299999999998,1.14234,1414530.0
TRKCM.IS,20100622,1.13166,1.14234,1.1263299999999998,1.13166,709827.0
TRKCM.IS,20100621,1.14234,1.15835,1.13166,1.14234,1511865.0
TRKCM.IS,20100618,1.1263299999999998,1.16369,1.1263299999999998,1.1263299999999998,1750266.0
TRKCM.IS,20100617,1.1530200000000002,1.16369,1.14768,1.1530200000000002,1734870.0
TRKCM.IS,20100616,1.15835,1.16369,1.14768,1.15835,1574118.0
TRKCM.IS,20100615,1.1530200000000002,1.16369,1.1263299999999998,1.1530200000000002,1755942.0
TRKCM.IS,20100614,1.14234,1.1530200000000002,1.14234,1.14234,1387696.0
TRKCM.IS,20100611,1.14234,1.1743700000000001,1.13166,1.14234,1824193.0
TRKCM.IS,20100610,1.13947,1.1446,1.1138,1.13947,2223196.0
TRKCM.IS,20100609,1.1343299999999998,1.14973,1.11893,1.1343299999999998,2357038.0
TRKCM.IS,20100608,1.1343299999999998,1.16513,1.1292,1.1343299999999998,2212420.0
TRKCM.IS,20100607,1.16513,1.16513,1.05221,1.16513,906399.0
TRKCM.IS,20100604,1.17026,1.22159,1.16,1.17026,1012883.0
TRKCM.IS,20100603,1.2421200000000001,1.24725,1.22159,1.22672,1031504.0
TRKCM.IS,20100602,1.22672,1.23185,1.17026,1.22672,2010228.0
TRKCM.IS,20100601,1.1805299999999999,1.18566,1.14973,1.1805299999999999,1194548.0
TRKCM.IS,20100531,1.16,1.17026,1.14973,1.16,837072.0
TRKCM.IS,20100528,1.17026,1.17539,1.15486,1.17026,1221797.0
TRKCM.IS,20100527,1.15486,1.16513,1.1343299999999998,1.15486,3081974.0
TRKCM.IS,20100526,1.1343299999999998,1.20106,1.1292,1.1343299999999998,2004923.0
TRKCM.IS,20100525,1.1240700000000001,1.17026,1.11893,1.1240700000000001,810441.0
TRKCM.IS,20100524,1.19593,1.21646,1.18566,1.19593,1079941.0
TRKCM.IS,20100521,1.17539,1.2061899999999999,1.15486,1.17539,1356975.0
TRKCM.IS,20100520,1.22159,1.23699,1.20106,1.22159,4229878.0
TRKCM.IS,20100519,1.28647,1.28647,1.28647,1.28647,0.0
TRKCM.IS,20100518,1.23699,1.25752,1.22672,1.23699,2729570.0
TRKCM.IS,20100517,1.23185,1.23699,1.19079,1.23185,2346630.0
TRKCM.IS,20100514,1.2061899999999999,1.23699,1.16513,1.2061899999999999,6844280.0
TRKCM.IS,20100513,1.1805299999999999,1.2113200000000002,1.17539,1.1805299999999999,1720577.0
TRKCM.IS,20100512,1.1805299999999999,1.19079,1.1446,1.1805299999999999,5977912.0
TRKCM.IS,20100511,1.1446,1.16,1.1240700000000001,1.1446,1423452.0
TRKCM.IS,20100510,1.14973,1.15486,1.1138,1.14973,2097828.0
TRKCM.IS,20100507,1.07787,1.1343299999999998,1.06761,1.07787,1491369.0
TRKCM.IS,20100506,1.1446,1.15486,1.1292,1.1446,767154.0
TRKCM.IS,20100505,1.14973,1.18566,1.06247,1.14973,1633675.0
TRKCM.IS,20100504,1.17539,1.23699,1.17026,1.17539,1697634.0
TRKCM.IS,20100503,1.21646,1.23699,1.21646,1.21646,445847.0
TRKCM.IS,20100430,1.22159,1.23699,1.21646,1.22159,991541.0
TRKCM.IS,20100429,1.22672,1.2421200000000001,1.22159,1.22672,1369851.0
TRKCM.IS,20100428,1.22672,1.23699,1.2113200000000002,1.22672,1932959.0
TRKCM.IS,20100427,1.2421200000000001,1.28318,1.23699,1.2421200000000001,4583772.0
TRKCM.IS,20100426,1.22672,1.24725,1.2113200000000002,1.22672,3044078.0
TRKCM.IS,20100423,1.27045,1.27045,1.27045,1.27045,0.0
TRKCM.IS,20100422,1.2113200000000002,1.2421200000000001,1.18566,1.2113200000000002,957509.0
TRKCM.IS,20100421,1.23699,1.25752,1.23185,1.23699,3845266.0
TRKCM.IS,20100420,1.22672,1.25239,1.22672,1.22672,1573152.0
TRKCM.IS,20100419,1.23185,1.24725,1.2061899999999999,1.23185,1310705.0
TRKCM.IS,20100416,1.22672,1.25239,1.2113200000000002,1.22672,1756799.0
TRKCM.IS,20100415,1.24725,1.26778,1.22672,1.24725,3136781.0
TRKCM.IS,20100414,1.25752,1.28318,1.19593,1.25752,8329011.0
TRKCM.IS,20100413,1.19593,1.2113200000000002,1.16513,1.19593,3623331.0
TRKCM.IS,20100412,1.17026,1.20106,1.17026,1.17026,2753491.0
TRKCM.IS,20100409,1.18566,1.19593,1.17539,1.18566,2609708.0
TRKCM.IS,20100408,1.17539,1.19593,1.14973,1.17539,5274095.0
TRKCM.IS,20100407,1.15486,1.16,1.1343299999999998,1.15486,5827360.0
TRKCM.IS,20100406,1.13947,1.1446,1.11893,1.13947,3846441.0
TRKCM.IS,20100405,1.1343299999999998,1.14973,1.11893,1.1343299999999998,2060540.0
TRKCM.IS,20100402,1.13947,1.1446,1.11893,1.13947,3756107.0
TRKCM.IS,20100401,1.1292,1.13947,1.1138,1.1292,717698.0
TRKCM.IS,20100331,1.1292,1.13947,1.10354,1.1292,1927048.0
TRKCM.IS,20100330,1.11893,1.1292,1.08301,1.11893,2278775.0
TRKCM.IS,20100329,1.07787,1.0984,1.07787,1.07787,1759877.0
TRKCM.IS,20100326,1.08301,1.09327,1.07274,1.08301,1097002.0
TRKCM.IS,20100325,1.0881399999999999,1.09327,1.06761,1.0881399999999999,933344.0
TRKCM.IS,20100324,1.07787,1.10354,1.07274,1.07787,1991764.0
TRKCM.IS,20100323,1.09327,1.0984,1.08301,1.09327,2562266.0
TRKCM.IS,20100322,1.08301,1.09327,1.07274,1.08301,2000449.0
TRKCM.IS,20100319,1.09327,1.10354,1.05221,1.09327,1801115.0
TRKCM.IS,20100318,1.08301,1.0984,1.05734,1.08301,3490698.0
TRKCM.IS,20100317,1.07274,1.08301,1.05734,1.07274,3774487.0
TRKCM.IS,20100316,1.06247,1.06247,1.03681,1.06247,695663.0
TRKCM.IS,20100315,1.03681,1.04708,1.03168,1.03681,611112.0
TRKCM.IS,20100312,1.0419399999999999,1.05221,1.03681,1.0419399999999999,624352.0
TRKCM.IS,20100311,1.03168,1.05221,1.02655,1.03168,795766.0
TRKCM.IS,20100310,1.04708,1.05221,1.03168,1.04708,1389100.0
TRKCM.IS,20100309,1.06247,1.06761,1.03681,1.06247,6814541.0
TRKCM.IS,20100308,1.03168,1.0419399999999999,1.02141,1.03168,1738454.0
TRKCM.IS,20100305,1.02655,1.03168,1.00601,1.02655,987539.0
TRKCM.IS,20100304,1.00601,1.0162799999999999,1.00088,1.00601,970124.0
TRKCM.IS,20100303,1.01115,1.02655,1.00601,1.01115,637848.0
TRKCM.IS,20100302,1.02141,1.03681,1.0162799999999999,1.02141,1276267.0
TRKCM.IS,20100301,1.02141,1.02141,0.98035,1.02141,1594155.0
TRKCM.IS,20100226,0.96495,0.9906200000000001,0.9598200000000001,0.96495,1051455.0
TRKCM.IS,20100225,0.97009,0.9906200000000001,0.9546899999999999,0.97009,1907984.0
TRKCM.IS,20100224,0.96495,0.9854799999999999,0.92389,0.96495,1833090.0
TRKCM.IS,20100223,0.9906200000000001,1.0162799999999999,0.9854799999999999,0.9906200000000001,2083674.0
TRKCM.IS,20100222,0.99575,1.03168,0.9906200000000001,0.99575,2573564.0
TRKCM.IS,20100219,0.9752200000000001,1.00601,0.96495,1.00088,1292942.0
TRKCM.IS,20100218,1.01115,1.01115,0.9854799999999999,0.9906200000000001,2824417.0
TRKCM.IS,20100217,1.0162799999999999,1.02655,1.01115,1.0162799999999999,2215621.0
TRKCM.IS,20100216,0.97009,1.01115,0.97009,1.00088,7640781.0
TRKCM.IS,20100215,0.93416,0.96495,0.93416,0.9598200000000001,1863095.0
TRKCM.IS,20100212,0.9598200000000001,0.9598200000000001,0.93929,0.94442,1356092.0
TRKCM.IS,20100211,0.93416,0.9598200000000001,0.93416,0.9546899999999999,2227198.0
TRKCM.IS,20100210,0.93929,0.9546899999999999,0.93416,0.94442,2042207.0
TRKCM.IS,20100209,0.93929,0.93929,0.9136299999999999,0.93416,1937354.0
TRKCM.IS,20100208,0.97009,0.98035,0.92389,0.93416,1955962.0
TRKCM.IS,20100205,1.00088,1.00088,0.94955,0.97009,1584398.0
TRKCM.IS,20100204,1.04708,1.04708,1.02141,1.02655,2008513.0
TRKCM.IS,20100203,1.06761,1.07274,1.05221,1.05734,1414040.0
TRKCM.IS,20100202,1.07787,1.07787,1.06247,1.06247,2170149.0
TRKCM.IS,20100201,1.04708,1.07274,1.04708,1.06761,4471939.0
TRKCM.IS,20100129,1.05221,1.06247,1.0419399999999999,1.04708,1538190.0
TRKCM.IS,20100128,1.04708,1.06247,1.0419399999999999,1.05221,1759118.0
TRKCM.IS,20100127,1.03681,1.06247,1.02655,1.04708,2248886.0
TRKCM.IS,20100126,1.02141,1.03681,1.01115,1.03168,973714.0
TRKCM.IS,20100125,1.02655,1.03168,1.01115,1.02655,993419.0
TRKCM.IS,20100122,1.05221,1.06247,1.01115,1.02655,1701472.0
TRKCM.IS,20100121,1.06761,1.0881399999999999,1.06247,1.07274,2365236.0
TRKCM.IS,20100120,1.06761,1.08301,1.06247,1.06761,753746.0
TRKCM.IS,20100119,1.06761,1.09327,1.06247,1.06761,3256668.0
TRKCM.IS,20100118,1.02655,1.03681,1.0162799999999999,1.03168,4146338.0
TRKCM.IS,20100115,1.0162799999999999,1.02655,1.00601,1.01115,1184053.0
TRKCM.IS,20100114,1.01115,1.0162799999999999,1.00601,1.01115,1156911.0
TRKCM.IS,20100113,0.99575,1.00601,0.98035,1.00088,1601737.0
TRKCM.IS,20100112,1.00601,1.01115,0.99575,1.00088,1489886.0
TRKCM.IS,20100111,1.02141,1.03168,1.01115,1.0162799999999999,7914756.0
TRKCM.IS,20100108,1.00601,1.02655,1.00088,1.02655,11597089.0
TRKCM.IS,20100107,0.98035,1.00088,0.98035,0.99575,8023826.0
TRKCM.IS,20100106,0.9752200000000001,0.99575,0.9752200000000001,0.99575,4467781.0
TRKCM.IS,20100105,0.97009,0.9906200000000001,0.96495,0.98035,6342899.0
TRKCM.IS,20100104,0.9598200000000001,0.97009,0.94955,0.96495,4252691.0
TRKCM.IS,20100101,0.9546899999999999,0.9546899999999999,0.9546899999999999,0.9546899999999999,0.0
TRKCM.IS,20091231,0.9598200000000001,0.96495,0.94955,0.9546899999999999,1467838.0
TRKCM.IS,20091230,0.96495,0.9752200000000001,0.9546899999999999,0.9546899999999999,1284290.0
TRKCM.IS,20091229,0.94955,0.96495,0.94442,0.9546899999999999,2381685.0
TRKCM.IS,20091228,0.94955,0.9546899999999999,0.94442,0.94442,1078249.0
TRKCM.IS,20091225,0.94955,0.94955,0.93929,0.93929,446145.0
TRKCM.IS,20091224,0.93929,0.94442,0.9290200000000001,0.93929,381742.0
TRKCM.IS,20091223,0.94955,0.9546899999999999,0.93929,0.94442,2892690.0
TRKCM.IS,20091222,0.97009,0.97009,0.94955,0.9546899999999999,2212660.0
TRKCM.IS,20091221,0.96495,0.9752200000000001,0.9598200000000001,0.97009,4434871.0
TRKCM.IS,20091218,0.94955,0.96495,0.94955,0.9598200000000001,2509921.0
TRKCM.IS,20091217,0.9546899999999999,0.96495,0.94442,0.9546899999999999,3101024.0
TRKCM.IS,20091216,0.93416,0.9546899999999999,0.9290200000000001,0.9546899999999999,5954264.0
TRKCM.IS,20091215,0.93929,0.93929,0.91876,0.92389,867880.0
TRKCM.IS,20091214,0.9084899999999999,0.94442,0.9084899999999999,0.93416,2743062.0
TRKCM.IS,20091211,0.94955,0.94955,0.92389,0.92389,669777.0
TRKCM.IS,20091210,0.9546899999999999,0.96495,0.94955,0.9546899999999999,1050652.0
TRKCM.IS,20091209,0.96495,0.9854799999999999,0.9546899999999999,0.9598200000000001,1494408.0
TRKCM.IS,20091208,0.9546899999999999,0.9752200000000001,0.94955,0.9598200000000001,2746456.0
TRKCM.IS,20091207,0.93929,0.9598200000000001,0.93416,0.94442,1642047.0
TRKCM.IS,20091204,0.93416,0.94955,0.92389,0.93929,2079481.0
TRKCM.IS,20091203,0.9136299999999999,0.92389,0.90336,0.91876,1082454.0
TRKCM.IS,20091202,0.8930899999999999,0.90336,0.8879600000000001,0.8930899999999999,1708860.0
TRKCM.IS,20091201,0.8674299999999999,0.8930899999999999,0.8674299999999999,0.8828299999999999,1933475.0
TRKCM.IS,20091126,0.8674299999999999,0.87256,0.85203,0.87256,561207.0
TRKCM.IS,20091125,0.8777,0.8777,0.8623,0.8674299999999999,790759.0
TRKCM.IS,20091124,0.87256,0.8777,0.8623,0.8777,1311924.0
TRKCM.IS,20091123,0.8879600000000001,0.8879600000000001,0.85203,0.87256,620195.0
TRKCM.IS,20091120,0.9084899999999999,0.91876,0.8777,0.8828299999999999,659158.0
TRKCM.IS,20091119,0.92389,0.92389,0.90336,0.9136299999999999,319830.0
TRKCM.IS,20091118,0.91876,0.9290200000000001,0.9136299999999999,0.9136299999999999,1517718.0
TRKCM.IS,20091117,0.93416,0.94442,0.9136299999999999,0.92389,2338180.0
TRKCM.IS,20091116,0.93416,0.93416,0.9136299999999999,0.92389,1964827.0
TRKCM.IS,20091113,0.92389,0.94955,0.91876,0.9290200000000001,6919423.0
TRKCM.IS,20091112,0.8930899999999999,0.89823,0.8828299999999999,0.89823,1527328.0
TRKCM.IS,20091111,0.8930899999999999,0.9084899999999999,0.8879600000000001,0.8879600000000001,3199525.0
TRKCM.IS,20091110,0.90336,0.91876,0.8930899999999999,0.89823,3500087.0
TRKCM.IS,20091109,0.8930899999999999,0.90336,0.8879600000000001,0.8930899999999999,834116.0
TRKCM.IS,20091106,0.90336,0.9084899999999999,0.8828299999999999,0.8828299999999999,1637293.0
TRKCM.IS,20091105,0.87256,0.8930899999999999,0.8623,0.8879600000000001,1710958.0
TRKCM.IS,20091104,0.8777,0.8828299999999999,0.84177,0.8674299999999999,763027.0
TRKCM.IS,20091103,0.89823,0.90336,0.8674299999999999,0.8828299999999999,1808140.0
TRKCM.IS,20091102,0.92389,0.92389,0.8930899999999999,0.89823,1584029.0
TRKCM.IS,20091030,0.9752200000000001,0.9752200000000001,0.94955,0.94955,486124.0
TRKCM.IS,20091028,0.98035,0.9854799999999999,0.94955,0.94955,2053912.0
TRKCM.IS,20091027,1.0162799999999999,1.0162799999999999,0.99575,0.99575,2298170.0
TRKCM.IS,20091026,1.01115,1.0162799999999999,1.00601,1.01115,550209.0
TRKCM.IS,20091023,1.01115,1.0162799999999999,1.00601,1.0162799999999999,1664119.0
TRKCM.IS,20091022,1.00601,1.01115,1.00088,1.00601,450219.0
TRKCM.IS,20091021,1.02141,1.02141,0.99575,1.00088,1402720.0
TRKCM.IS,20091020,1.00088,1.01115,0.99575,1.00088,2574709.0
TRKCM.IS,20091019,0.98035,1.00088,0.98035,0.99575,145967.0
TRKCM.IS,20091016,1.02655,1.02655,0.9906200000000001,0.9906200000000001,1223841.0
TRKCM.IS,20091015,1.01115,1.0162799999999999,0.99575,1.00601,1470059.0
TRKCM.IS,20091014,0.99575,1.02141,0.9906200000000001,1.00601,6650081.0
TRKCM.IS,20091013,0.9752200000000001,0.99575,0.9752200000000001,0.98035,2660134.0
TRKCM.IS,20091012,0.98035,0.9854799999999999,0.9752200000000001,0.98035,1289137.0
TRKCM.IS,20091009,0.99575,0.99575,0.97009,0.9752200000000001,1534878.0
TRKCM.IS,20091008,0.9752200000000001,0.9906200000000001,0.96495,0.9906200000000001,2962203.0
TRKCM.IS,20091007,0.98035,0.9906200000000001,0.9598200000000001,0.9598200000000001,2557420.0
TRKCM.IS,20091006,0.97009,0.98035,0.9546899999999999,0.97009,3373893.0
TRKCM.IS,20091005,0.94955,0.97009,0.94955,0.96495,2693120.0
TRKCM.IS,20091002,0.94442,0.94955,0.93416,0.93929,2580870.0
TRKCM.IS,20091001,0.93416,0.9546899999999999,0.9290200000000001,0.9546899999999999,5341434.0
TRKCM.IS,20090930,0.93929,0.94955,0.9290200000000001,0.94442,8617604.0
TRKCM.IS,20090929,0.91876,0.93416,0.9084899999999999,0.93416,4223948.0
TRKCM.IS,20090928,0.90336,0.91876,0.89823,0.91876,5371330.0
TRKCM.IS,20090925,0.8879600000000001,0.9136299999999999,0.8777,0.90336,14784574.0
TRKCM.IS,20090924,0.8623,0.87256,0.85203,0.87256,3588062.0
TRKCM.IS,20090923,0.8571700000000001,0.8674299999999999,0.8571700000000001,0.8623,11716931.0
TRKCM.IS,20090919,,,,,
TRKCM.IS,20090918,0.8674299999999999,0.8674299999999999,0.85203,0.8623,938902.0
TRKCM.IS,20090917,0.8777,0.8828299999999999,0.8571700000000001,0.8623,5160319.0
TRKCM.IS,20090916,0.87256,0.8828299999999999,0.8623,0.8777,6147477.0
TRKCM.IS,20090915,0.87256,0.8879600000000001,0.8623,0.8674299999999999,1485779.0
TRKCM.IS,20090914,0.84177,0.8879600000000001,0.8366299999999999,0.8674299999999999,16530457.0
TRKCM.IS,20090911,0.8315,0.84177,0.82124,0.8366299999999999,4977602.0
TRKCM.IS,20090910,0.8315,0.8366299999999999,0.81097,0.82637,1718958.0
TRKCM.IS,20090909,0.8366299999999999,0.8366299999999999,0.8161,0.82637,1315375.0
TRKCM.IS,20090908,0.8315,0.85203,0.82124,0.8315,3856617.0
TRKCM.IS,20090907,0.82637,0.8315,0.82124,0.82124,1072036.0
TRKCM.IS,20090904,0.82637,0.84177,0.8161,0.8315,3464636.0
TRKCM.IS,20090903,0.81097,0.82637,0.7853100000000001,0.8161,3395889.0
TRKCM.IS,20090902,0.8623,0.8674299999999999,0.8161,0.8161,2414835.0
TRKCM.IS,20090901,0.87256,0.8828299999999999,0.8674299999999999,0.87256,1086561.0
TRKCM.IS,20090831,0.8930899999999999,0.90336,0.8879600000000001,0.8930899999999999,474950.0
TRKCM.IS,20090828,0.8930899999999999,0.90336,0.8879600000000001,0.90336,1005966.0
TRKCM.IS,20090827,0.8930899999999999,0.90336,0.8879600000000001,0.89823,1150250.0
TRKCM.IS,20090826,0.93416,0.93416,0.89823,0.9084899999999999,1872379.0
TRKCM.IS,20090825,0.8930899999999999,0.9136299999999999,0.8930899999999999,0.9084899999999999,2109886.0
TRKCM.IS,20090824,0.9136299999999999,0.9290200000000001,0.90336,0.9136299999999999,3874545.0
TRKCM.IS,20090821,0.8828299999999999,0.90336,0.8674299999999999,0.89823,3133237.0
TRKCM.IS,20090820,0.87256,0.89823,0.8674299999999999,0.87256,7593340.0
TRKCM.IS,20090819,0.8571700000000001,0.8674299999999999,0.85203,0.8623,458446.0
TRKCM.IS,20090818,0.8571700000000001,0.8777,0.8571700000000001,0.8674299999999999,2392518.0
TRKCM.IS,20090817,0.8623,0.87256,0.85203,0.8571700000000001,2758916.0
TRKCM.IS,20090814,0.8777,0.8828299999999999,0.8674299999999999,0.8674299999999999,987087.0
TRKCM.IS,20090813,0.8469,0.8879600000000001,0.8469,0.8777,4833183.0
TRKCM.IS,20090812,0.8366299999999999,0.8366299999999999,0.80584,0.82637,2053552.0
TRKCM.IS,20090811,0.8777,0.8828299999999999,0.8623,0.8674299999999999,2147593.0
TRKCM.IS,20090810,0.8674299999999999,0.89823,0.8623,0.8930899999999999,2976657.0
TRKCM.IS,20090807,0.87256,0.8777,0.8571700000000001,0.87256,681517.0
TRKCM.IS,20090806,0.8879600000000001,0.8879600000000001,0.84177,0.87256,2373160.0
TRKCM.IS,20090805,0.96495,0.96495,0.9084899999999999,0.9084899999999999,1863271.0
TRKCM.IS,20090804,0.9084899999999999,0.9752200000000001,0.89823,0.94955,10711729.0
TRKCM.IS,20090803,0.79557,0.92389,0.79557,0.9136299999999999,14298286.0
TRKCM.IS,20090731,0.80071,0.80071,0.78017,0.78017,2346688.0
TRKCM.IS,20090730,0.77504,0.7853100000000001,0.76478,0.78017,1548820.0
TRKCM.IS,20090729,0.76991,0.77504,0.75964,0.76478,1096485.0
TRKCM.IS,20090728,0.7853100000000001,0.7904399999999999,0.76991,0.77504,2145366.0
TRKCM.IS,20090727,0.78017,0.7853100000000001,0.76991,0.76991,3384710.0
TRKCM.IS,20090724,0.74938,0.7904399999999999,0.74938,0.77504,5608003.0
TRKCM.IS,20090723,0.74938,0.75451,0.74425,0.74425,1104070.0
TRKCM.IS,20090722,0.72885,0.74938,0.72885,0.73911,3813612.0
TRKCM.IS,20090721,0.71858,0.72885,0.70832,0.71858,1188692.0
TRKCM.IS,20090720,0.71858,0.72885,0.70318,0.71345,2337894.0
TRKCM.IS,20090717,0.69292,0.71345,0.68779,0.69805,2720106.0
TRKCM.IS,20090716,0.67752,0.69805,0.6723899999999999,0.68779,8816958.0
TRKCM.IS,20090715,0.65699,0.6723899999999999,0.65699,0.66725,2918562.0
TRKCM.IS,20090714,0.64672,0.65699,0.64159,0.64159,2672347.0
TRKCM.IS,20090713,0.64159,0.65186,0.63646,0.64159,1873075.0
TRKCM.IS,20090710,0.6313300000000001,0.65186,0.6261899999999999,0.63646,5151094.0
TRKCM.IS,20090709,0.64159,0.64672,0.6210600000000001,0.6261899999999999,2109791.0
TRKCM.IS,20090708,0.64159,0.64672,0.63646,0.63646,388398.0
TRKCM.IS,20090707,0.63646,0.65699,0.6261899999999999,0.64159,2316437.0
TRKCM.IS,20090706,0.63646,0.64159,0.6261899999999999,0.63646,444142.0
TRKCM.IS,20090703,0.64159,0.64159,0.6313300000000001,0.64159,826070.0
TRKCM.IS,20090702,0.64672,0.65186,0.64159,0.64159,1517102.0
TRKCM.IS,20090701,0.64159,0.64672,0.63646,0.64672,1782885.0
TRKCM.IS,20090630,0.65186,0.65699,0.64159,0.64672,2816850.0
TRKCM.IS,20090629,0.70318,0.70832,0.69292,0.69805,2246886.0
TRKCM.IS,20090626,0.69805,0.71345,0.69292,0.69805,4718521.0
TRKCM.IS,20090625,0.68265,0.70318,0.6723899999999999,0.68779,12889410.0
TRKCM.IS,20090624,0.67752,0.68265,0.66725,0.6723899999999999,3429491.0
TRKCM.IS,20090623,0.65699,0.6621199999999999,0.64159,0.65699,1859785.0
TRKCM.IS,20090622,0.65699,0.6723899999999999,0.65186,0.6723899999999999,3191409.0
TRKCM.IS,20090619,0.65186,0.65186,0.64159,0.65186,1792377.0
TRKCM.IS,20090618,0.64159,0.64672,0.63646,0.64159,2568027.0
TRKCM.IS,20090617,0.65186,0.6621199999999999,0.64159,0.64672,2549512.0
TRKCM.IS,20090616,0.65699,0.6621199999999999,0.64672,0.65186,779328.0
TRKCM.IS,20090615,0.65699,0.6621199999999999,0.65186,0.65699,1844517.0
TRKCM.IS,20090612,0.65699,0.6621199999999999,0.65186,0.65699,1307367.0
TRKCM.IS,20090611,0.65186,0.6621199999999999,0.64672,0.65186,1418981.0
TRKCM.IS,20090610,0.65186,0.66725,0.65186,0.65186,1890025.0
TRKCM.IS,20090609,0.64672,0.65186,0.63646,0.64159,1384416.0
TRKCM.IS,20090608,0.6621199999999999,0.6621199999999999,0.64159,0.64672,1641398.0
TRKCM.IS,20090605,0.66725,0.67752,0.65186,0.65699,6947237.0
TRKCM.IS,20090604,0.6723899999999999,0.6723899999999999,0.63646,0.63646,4291962.0
TRKCM.IS,20090603,0.67752,0.68265,0.6723899999999999,0.68265,7873324.0
TRKCM.IS,20090602,0.65186,0.67752,0.64159,0.6723899999999999,13556981.0
TRKCM.IS,20090601,0.64159,0.64159,0.6313300000000001,0.6313300000000001,4809593.0
TRKCM.IS,20090529,0.63646,0.64672,0.6261899999999999,0.63646,7031510.0
TRKCM.IS,20090528,0.61593,0.63646,0.6107899999999999,0.6313300000000001,11738846.0
TRKCM.IS,20090527,0.6261899999999999,0.63646,0.6210600000000001,0.6261899999999999,11145826.0
TRKCM.IS,20090526,0.60053,0.6261899999999999,0.5954,0.61593,16496389.0
TRKCM.IS,20090525,0.59026,0.60053,0.58,0.60053,7363031.0
TRKCM.IS,20090522,0.59026,0.5954,0.58,0.59026,4755316.0
TRKCM.IS,20090521,0.6056600000000001,0.6107899999999999,0.59026,0.5954,7095936.0
TRKCM.IS,20090520,0.6056600000000001,0.6107899999999999,0.60053,0.6056600000000001,5324850.0
TRKCM.IS,20090518,0.59026,0.60053,0.58,0.5954,3798353.0
TRKCM.IS,20090515,0.6107899999999999,0.6210600000000001,0.5954,0.60053,12693864.0
TRKCM.IS,20090514,0.6107899999999999,0.61593,0.5954,0.60053,2148232.0
TRKCM.IS,20090513,0.6107899999999999,0.63646,0.6056600000000001,0.6107899999999999,10254987.0
TRKCM.IS,20090512,0.59026,0.61593,0.59026,0.6107899999999999,3748865.0
TRKCM.IS,20090511,0.6107899999999999,0.61593,0.5954,0.60053,1715571.0
TRKCM.IS,20090508,0.60053,0.6056600000000001,0.57487,0.5954,2363093.0
TRKCM.IS,20090507,0.64159,0.65186,0.6261899999999999,0.64159,5631266.0
TRKCM.IS,20090506,0.6210600000000001,0.64159,0.61593,0.63646,5549424.0
TRKCM.IS,20090505,0.61593,0.6313300000000001,0.6056600000000001,0.6210600000000001,13261728.0
TRKCM.IS,20090504,0.58513,0.6056600000000001,0.58,0.60053,8858030.0
TRKCM.IS,20090501,0.58,0.59026,0.5697300000000001,0.58,6339749.0
TRKCM.IS,20090430,0.58,0.59026,0.5697300000000001,0.57487,3453751.0
TRKCM.IS,20090429,0.55433,0.58,0.55433,0.57487,5540010.0
TRKCM.IS,20090428,0.55947,0.5697300000000001,0.5492,0.5492,3421931.0
TRKCM.IS,20090427,0.53894,0.57487,0.53894,0.5646,12335753.0
TRKCM.IS,20090424,0.5338,0.5492,0.52867,0.5440699999999999,4589512.0
TRKCM.IS,20090422,0.52354,0.53894,0.51841,0.53894,4153833.0
TRKCM.IS,20090421,0.52354,0.52354,0.51327,0.51841,1846416.0
TRKCM.IS,20090420,0.5338,0.53894,0.52354,0.52354,1533631.0
TRKCM.IS,20090417,0.53894,0.5440699999999999,0.52867,0.52867,4857091.0
TRKCM.IS,20090416,0.51327,0.5338,0.5081399999999999,0.5338,9292487.0
TRKCM.IS,20090415,0.5081399999999999,0.51327,0.5030100000000001,0.5030100000000001,1498558.0
TRKCM.IS,20090414,0.52354,0.52354,0.51327,0.51841,3490205.0
TRKCM.IS,20090413,0.52354,0.52867,0.51841,0.52354,3981576.0
TRKCM.IS,20090410,0.5081399999999999,0.52354,0.5030100000000001,0.51327,4363193.0
TRKCM.IS,20090409,0.51327,0.51327,0.49787,0.5030100000000001,3855243.0
TRKCM.IS,20090408,0.51841,0.52354,0.48248,0.49787,9551850.0
TRKCM.IS,20090407,0.51327,0.52354,0.51327,0.52354,2073393.0
TRKCM.IS,20090406,0.51841,0.52867,0.51841,0.52354,1772767.0
TRKCM.IS,20090403,0.5081399999999999,0.52867,0.49787,0.51327,5351935.0
TRKCM.IS,20090402,0.47734,0.49787,0.47734,0.49273999999999996,7091949.0
TRKCM.IS,20090401,0.47221,0.47734,0.46708,0.47734,571244.0
TRKCM.IS,20090331,0.45681000000000005,0.47221,0.45681000000000005,0.47221,1395689.0
TRKCM.IS,20090330,0.46195,0.46708,0.45168,0.46195,1352731.0
TRKCM.IS,20090327,0.47221,0.48248,0.46708,0.47734,2788467.0
TRKCM.IS,20090326,0.45681000000000005,0.46195,0.45168,0.46195,1568550.0
TRKCM.IS,20090325,0.45168,0.45681000000000005,0.44655,0.45168,941901.0
TRKCM.IS,20090324,0.46708,0.46708,0.45168,0.45681000000000005,1881166.0
TRKCM.IS,20090323,0.44141,0.45168,0.44141,0.44655,2095486.0
TRKCM.IS,20090320,0.42601999999999995,0.44141,0.42601999999999995,0.43628,2662600.0
TRKCM.IS,20090319,0.43115,0.43628,0.43115,0.43628,787447.0
TRKCM.IS,20090318,0.43115,0.43628,0.42601999999999995,0.43115,181814.0
TRKCM.IS,20090317,0.43115,0.43628,0.42088000000000003,0.42601999999999995,936327.0
TRKCM.IS,20090316,0.43115,0.44141,0.43115,0.43628,516065.0
TRKCM.IS,20090313,0.41575,0.44141,0.41575,0.43628,6759775.0
TRKCM.IS,20090312,0.40549,0.41062,0.40035,0.40549,1173649.0
TRKCM.IS,20090311,0.41575,0.41575,0.40549,0.41062,714710.0
TRKCM.IS,20090310,0.40549,0.41062,0.40035,0.41062,742264.0
TRKCM.IS,20090309,0.41062,0.41062,0.40035,0.40549,1256963.0
TRKCM.IS,20090306,0.41062,0.41062,0.40035,0.40549,1082538.0
TRKCM.IS,20090305,0.41575,0.42088000000000003,0.41062,0.41575,1577838.0
TRKCM.IS,20090304,0.41575,0.42088000000000003,0.41062,0.41575,479046.0
TRKCM.IS,20090303,0.41062,0.41575,0.40549,0.41062,2587654.0
TRKCM.IS,20090302,0.41062,0.41062,0.40549,0.41062,703521.0
TRKCM.IS,20090227,0.41062,0.41575,0.40549,0.41062,573003.0
TRKCM.IS,20090226,0.41575,0.42088000000000003,0.41062,0.41575,1613230.0
TRKCM.IS,20090225,0.42601999999999995,0.42601999999999995,0.41575,0.41575,1301357.0
TRKCM.IS,20090224,0.41062,0.42088000000000003,0.41062,0.41575,540674.0
TRKCM.IS,20090223,0.42088000000000003,0.42601999999999995,0.41575,0.41575,898918.0
TRKCM.IS,20090220,0.42088000000000003,0.42601999999999995,0.41062,0.41575,1721190.0
TRKCM.IS,20090219,0.43115,0.43628,0.42601999999999995,0.43628,1700266.0
TRKCM.IS,20090218,0.43628,0.43628,0.41575,0.42601999999999995,1311683.0
TRKCM.IS,20090217,0.44141,0.44655,0.42601999999999995,0.43115,3549941.0
TRKCM.IS,20090216,0.44655,0.44655,0.43628,0.44141,521214.0
TRKCM.IS,20090213,0.44655,0.45168,0.44141,0.45168,955297.0
TRKCM.IS,20090212,0.45168,0.45168,0.44141,0.44655,882749.0
TRKCM.IS,20090211,0.44141,0.45168,0.44141,0.44655,1211759.0
TRKCM.IS,20090210,0.45168,0.45681000000000005,0.44655,0.44655,1679756.0
TRKCM.IS,20090209,0.45168,0.46195,0.45168,0.46195,3885443.0
TRKCM.IS,20090206,0.44655,0.45681000000000005,0.44141,0.44655,1148025.0
TRKCM.IS,20090205,0.44655,0.44655,0.44141,0.44141,239493.0
TRKCM.IS,20090204,0.44655,0.45168,0.44141,0.45168,1698045.0
TRKCM.IS,20090203,0.44141,0.44655,0.44141,0.44655,1125217.0
TRKCM.IS,20090202,0.44141,0.44655,0.43628,0.44141,1250758.0
TRKCM.IS,20090130,0.44141,0.44655,0.43628,0.44141,604622.0
TRKCM.IS,20090129,0.46195,0.46195,0.45168,0.45168,1311656.0
TRKCM.IS,20090128,0.45168,0.46708,0.45168,0.46195,5530742.0
TRKCM.IS,20090127,0.45681000000000005,0.45681000000000005,0.44655,0.44655,1512541.0
TRKCM.IS,20090126,0.43628,0.44655,0.43115,0.44141,2805224.0
TRKCM.IS,20090123,0.45168,0.45168,0.43628,0.44141,788879.0
TRKCM.IS,20090122,0.45168,0.46195,0.44141,0.45168,2993863.0
TRKCM.IS,20090121,0.43628,0.44141,0.43115,0.44141,1277882.0
TRKCM.IS,20090120,0.45168,0.45168,0.44141,0.44655,899385.0
TRKCM.IS,20090119,0.45681000000000005,0.46195,0.44655,0.44655,1357150.0
TRKCM.IS,20090116,0.45681000000000005,0.46195,0.44141,0.45681000000000005,3220212.0
TRKCM.IS,20090115,0.44655,0.45168,0.44141,0.44141,1139907.0
TRKCM.IS,20090114,0.46708,0.46708,0.45168,0.45168,2013585.0
TRKCM.IS,20090113,0.45681000000000005,0.45681000000000005,0.44655,0.45168,720013.0
TRKCM.IS,20090112,0.45168,0.46195,0.45168,0.46195,1146426.0
TRKCM.IS,20090109,0.46708,0.47221,0.44655,0.46195,2508657.0
TRKCM.IS,20090108,0.47734,0.48248,0.46708,0.47221,2088147.0
TRKCM.IS,20090107,0.5030100000000001,0.5030100000000001,0.48761000000000004,0.49273999999999996,2151541.0
TRKCM.IS,20090106,0.48248,0.5081399999999999,0.47734,0.5030100000000001,15700196.0
TRKCM.IS,20090105,0.48248,0.48761000000000004,0.47734,0.48248,3951893.0
TRKCM.IS,20090102,0.47221,0.48248,0.47221,0.47734,3244170.0
TRKCM.IS,20081231,0.47221,0.48248,0.46708,0.47221,3571992.0
TRKCM.IS,20081230,0.45681000000000005,0.47221,0.45168,0.47221,2658493.0
TRKCM.IS,20081229,0.45681000000000005,0.46195,0.45168,0.46195,1614329.0
TRKCM.IS,20081226,0.45168,0.46195,0.45168,0.45681000000000005,878628.0
TRKCM.IS,20081225,0.45168,0.45681000000000005,0.44655,0.44655,126058.0
TRKCM.IS,20081224,0.44655,0.45681000000000005,0.44655,0.45168,720679.0
TRKCM.IS,20081223,0.45168,0.45681000000000005,0.44655,0.45168,1505412.0
TRKCM.IS,20081222,0.46708,0.46708,0.45168,0.46195,1683629.0
TRKCM.IS,20081219,0.47734,0.47734,0.45681000000000005,0.46708,3889301.0
TRKCM.IS,20081218,0.48248,0.48761000000000004,0.47221,0.48248,1763308.0
TRKCM.IS,20081217,0.49787,0.5030100000000001,0.48248,0.48248,2208754.0
TRKCM.IS,20081216,0.48248,0.48761000000000004,0.47734,0.48248,596398.0
TRKCM.IS,20081215,0.47221,0.48248,0.46708,0.47734,808853.0
TRKCM.IS,20081212,0.47221,0.48248,0.46708,0.47221,306967.0
TRKCM.IS,20081205,0.47734,0.48248,0.46708,0.47734,348470.0
TRKCM.IS,20081204,0.48248,0.49787,0.48248,0.48248,195378.0
TRKCM.IS,20081203,0.48761000000000004,0.49787,0.48761000000000004,0.49787,509201.0
TRKCM.IS,20081202,0.47221,0.48761000000000004,0.46195,0.47734,663715.0
TRKCM.IS,20081201,0.49273999999999996,0.49273999999999996,0.47734,0.48248,242752.0
TRKCM.IS,20081128,0.48761000000000004,0.49787,0.47221,0.48248,1310077.0
TRKCM.IS,20081127,0.48248,0.49787,0.48248,0.49273999999999996,1029291.0
TRKCM.IS,20081126,0.49273999999999996,0.49273999999999996,0.47221,0.47734,746073.0
TRKCM.IS,20081125,0.49273999999999996,0.51327,0.48761000000000004,0.5030100000000001,2823651.0
TRKCM.IS,20081124,0.47221,0.49273999999999996,0.47221,0.48248,1489902.0
TRKCM.IS,20081121,0.43628,0.46195,0.43628,0.45168,693933.0
TRKCM.IS,20081120,0.41062,0.43115,0.40549,0.42601999999999995,780188.0
TRKCM.IS,20081119,0.45681000000000005,0.45681000000000005,0.44141,0.44141,184748.0
TRKCM.IS,20081118,0.44655,0.45681000000000005,0.43628,0.44655,387328.0
TRKCM.IS,20081117,0.47734,0.48248,0.46195,0.46195,484935.0
TRKCM.IS,20081114,0.47734,0.48248,0.47221,0.47734,571591.0
TRKCM.IS,20081113,0.45681000000000005,0.47221,0.45168,0.46195,682976.0
TRKCM.IS,20081112,0.47221,0.47734,0.46708,0.47221,379783.0
TRKCM.IS,20081111,0.49787,0.49787,0.46195,0.47734,549190.0
TRKCM.IS,20081110,0.51841,0.52867,0.51327,0.51327,873631.0
TRKCM.IS,20081107,0.51327,0.52867,0.5081399999999999,0.5081399999999999,757693.0
TRKCM.IS,20081106,0.51327,0.52354,0.5030100000000001,0.51327,1077889.0
TRKCM.IS,20081105,0.55947,0.55947,0.52354,0.52867,3131240.0
TRKCM.IS,20081104,0.52867,0.55947,0.51327,0.55433,1745341.0
TRKCM.IS,20081103,0.53894,0.53894,0.5081399999999999,0.52354,2295443.0
TRKCM.IS,20081031,0.47734,0.49787,0.46708,0.49273999999999996,2132410.0
TRKCM.IS,20081030,0.47734,0.49787,0.47734,0.49787,2572689.0
TRKCM.IS,20081028,0.45168,0.46195,0.44655,0.45681000000000005,2469446.0
TRKCM.IS,20081027,0.42088000000000003,0.42088000000000003,0.40035,0.41062,1451684.0
TRKCM.IS,20081024,0.42601999999999995,0.43115,0.41575,0.41575,1111694.0
TRKCM.IS,20081023,0.42088000000000003,0.44141,0.41575,0.41575,1622859.0
TRKCM.IS,20081022,0.42601999999999995,0.44141,0.41062,0.43628,2265848.0
TRKCM.IS,20081021,0.42601999999999995,0.46195,0.42088000000000003,0.44141,4651029.0
TRKCM.IS,20081020,0.43115,0.43628,0.41062,0.41062,3549267.0
TRKCM.IS,20081017,0.44655,0.45168,0.40035,0.41062,3022349.0
TRKCM.IS,20081016,0.44141,0.47221,0.43628,0.43628,3169194.0
TRKCM.IS,20081015,0.5030100000000001,0.5081399999999999,0.48248,0.48761000000000004,1144754.0
TRKCM.IS,20081014,0.51327,0.52354,0.5030100000000001,0.51327,3506323.0
TRKCM.IS,20081013,0.51327,0.51327,0.48248,0.48761000000000004,1101553.0
TRKCM.IS,20081010,0.46708,0.48761000000000004,0.46708,0.47221,2026923.0
TRKCM.IS,20081009,0.5338,0.5440699999999999,0.51327,0.52867,3048947.0
TRKCM.IS,20081008,0.53894,0.5440699999999999,0.5081399999999999,0.5440699999999999,3727147.0
TRKCM.IS,20081007,0.58513,0.58513,0.55433,0.57487,2048056.0
TRKCM.IS,20081006,0.5954,0.60053,0.55947,0.57487,1888608.0
TRKCM.IS,20081003,0.6210600000000001,0.6261899999999999,0.6107899999999999,0.61593,947605.0
TRKCM.IS,20080929,0.6621199999999999,0.6621199999999999,0.64159,0.65186,428965.0
TRKCM.IS,20080926,0.65186,0.6621199999999999,0.63646,0.65186,1350534.0
TRKCM.IS,20080925,0.63646,0.64159,0.6313300000000001,0.6313300000000001,752165.0
TRKCM.IS,20080924,0.63646,0.65186,0.6261899999999999,0.6313300000000001,1394937.0
TRKCM.IS,20080923,0.65699,0.65699,0.6210600000000001,0.63646,1494243.0
TRKCM.IS,20080922,0.67752,0.67752,0.6621199999999999,0.6621199999999999,1367423.0
TRKCM.IS,20080919,0.64672,0.67752,0.64672,0.6621199999999999,6482455.0
TRKCM.IS,20080918,0.6313300000000001,0.65186,0.58,0.64672,951586.0
TRKCM.IS,20080917,0.66725,0.67752,0.65699,0.66725,911537.0
TRKCM.IS,20080916,0.69805,0.69805,0.66725,0.66725,549104.0
TRKCM.IS,20080915,0.73398,0.73398,0.69292,0.69292,345545.0
TRKCM.IS,20080912,0.76991,0.78017,0.75451,0.75964,354716.0
TRKCM.IS,20080911,0.80071,0.80071,0.76478,0.76478,660136.0
TRKCM.IS,20080910,0.80071,0.80071,0.78017,0.78017,450078.0
TRKCM.IS,20080909,0.8161,0.82124,0.81097,0.8161,224738.0
TRKCM.IS,20080908,0.8161,0.82637,0.8161,0.82124,628948.0
TRKCM.IS,20080905,0.76991,0.7904399999999999,0.76991,0.78017,716822.0
TRKCM.IS,20080904,0.82637,0.82637,0.79557,0.80584,959915.0
TRKCM.IS,20080903,0.82637,0.82637,0.81097,0.81097,285277.0
TRKCM.IS,20080902,0.80584,0.8161,0.80584,0.81097,477314.0
TRKCM.IS,20080901,0.82637,0.8366299999999999,0.80071,0.80584,276017.0
TRKCM.IS,20080829,0.85203,0.85203,0.8469,0.8469,183705.0
TRKCM.IS,20080828,0.85203,0.8571700000000001,0.8469,0.8469,84250.0
TRKCM.IS,20080827,0.8469,0.8571700000000001,0.8469,0.8469,173535.0
TRKCM.IS,20080826,0.8469,0.8571700000000001,0.8366299999999999,0.85203,982638.0
TRKCM.IS,20080825,0.85203,0.8571700000000001,0.8469,0.8571700000000001,324999.0
TRKCM.IS,20080822,0.8469,0.8623,0.8469,0.8571700000000001,766074.0
TRKCM.IS,20080821,0.84177,0.85203,0.84177,0.8469,435605.0
TRKCM.IS,20080820,0.8469,0.8623,0.8366299999999999,0.8469,521908.0
TRKCM.IS,20080819,0.87256,0.87256,0.8469,0.85203,1098790.0
TRKCM.IS,20080818,0.8828299999999999,0.8930899999999999,0.87256,0.8828299999999999,1066760.0
TRKCM.IS,20080815,0.87544,0.9288200000000001,0.87544,0.91814,5314719.0
TRKCM.IS,20080814,0.85409,0.8807799999999999,0.85409,0.8701,833475.0
TRKCM.IS,20080813,0.8594200000000001,0.8647600000000001,0.85409,0.85409,241002.0
TRKCM.IS,20080812,0.84875,0.8701,0.84875,0.8594200000000001,1092597.0
TRKCM.IS,20080811,0.84341,0.85409,0.8380700000000001,0.84341,98778.0
TRKCM.IS,20080808,0.84875,0.8647600000000001,0.84341,0.84875,280163.0
TRKCM.IS,20080807,0.8647600000000001,0.8701,0.85409,0.8594200000000001,306270.0
TRKCM.IS,20080806,0.87544,0.8807799999999999,0.8647600000000001,0.8647600000000001,667481.0
TRKCM.IS,20080805,0.8861100000000001,0.8861100000000001,0.8701,0.8701,797237.0
TRKCM.IS,20080804,0.87544,0.8861100000000001,0.8701,0.87544,1061229.0
TRKCM.IS,20080801,0.8274,0.84875,0.8274,0.84341,1478551.0
TRKCM.IS,20080731,0.8274,0.8380700000000001,0.82206,0.82206,1688771.0
TRKCM.IS,20080730,0.80604,0.81672,0.79003,0.79537,1182802.0
TRKCM.IS,20080729,0.76868,0.78469,0.76868,0.78469,629295.0
TRKCM.IS,20080728,0.74425,0.75451,0.73911,0.74425,293456.0
TRKCM.IS,20080725,0.72885,0.74425,0.7237100000000001,0.73911,959414.0
TRKCM.IS,20080724,0.73911,0.74425,0.73398,0.74425,735054.0
TRKCM.IS,20080723,0.73398,0.74938,0.72885,0.73911,967622.0
TRKCM.IS,20080722,0.73911,0.74425,0.7237100000000001,0.72885,626531.0
TRKCM.IS,20080721,0.74938,0.74938,0.7237100000000001,0.74425,989271.0
TRKCM.IS,20080718,0.75451,0.75964,0.73911,0.74425,734380.0
TRKCM.IS,20080717,0.73398,0.75451,0.71858,0.74938,1139595.0
TRKCM.IS,20080716,0.69805,0.70832,0.68779,0.70832,232533.0
TRKCM.IS,20080715,0.70832,0.70832,0.69292,0.69292,154058.0
TRKCM.IS,20080714,0.69292,0.71345,0.69292,0.70832,42506.0
TRKCM.IS,20080711,0.7237100000000001,0.7237100000000001,0.69805,0.70318,293308.0
TRKCM.IS,20080710,0.70318,0.72885,0.69805,0.72885,526934.0
TRKCM.IS,20080709,0.70832,0.73398,0.70832,0.72885,1057192.0
TRKCM.IS,20080708,0.66725,0.71345,0.65186,0.69805,2120793.0
TRKCM.IS,20080707,0.65699,0.6723899999999999,0.65186,0.6621199999999999,378908.0
TRKCM.IS,20080704,0.6621199999999999,0.6723899999999999,0.64672,0.65699,519398.0
TRKCM.IS,20080703,0.64159,0.64672,0.6261899999999999,0.63646,250050.0
TRKCM.IS,20080702,0.64672,0.65699,0.63646,0.65186,649908.0
TRKCM.IS,20080701,0.66725,0.68265,0.6261899999999999,0.63646,678653.0
TRKCM.IS,20080630,0.69292,0.71345,0.67752,0.68265,345845.0
TRKCM.IS,20080627,0.71858,0.71858,0.69292,0.69292,1058965.0
TRKCM.IS,20080626,0.77504,0.77504,0.73911,0.73911,484123.0
TRKCM.IS,20080625,0.7904399999999999,0.7904399999999999,0.76991,0.77504,209203.0
TRKCM.IS,20080624,0.87256,0.87256,0.85203,0.8571700000000001,636134.0
TRKCM.IS,20080623,0.8930899999999999,0.8930899999999999,0.8674299999999999,0.87256,280839.0
TRKCM.IS,20080620,0.89823,0.94955,0.8879600000000001,0.92389,2823460.0
TRKCM.IS,20080619,0.8469,0.8828299999999999,0.84177,0.8777,1023670.0
TRKCM.IS,20080618,0.8828299999999999,0.8879600000000001,0.87256,0.8828299999999999,356360.0
TRKCM.IS,20080617,0.87256,0.8930899999999999,0.87256,0.8828299999999999,1293874.0
TRKCM.IS,20080616,0.8879600000000001,0.8930899999999999,0.8828299999999999,0.8828299999999999,1004322.0
TRKCM.IS,20080613,0.89823,0.9084899999999999,0.8828299999999999,0.8879600000000001,105700.0
TRKCM.IS,20080612,0.8828299999999999,0.9136299999999999,0.8777,0.9136299999999999,533019.0
TRKCM.IS,20080611,0.93416,0.93929,0.9084899999999999,0.9136299999999999,430847.0
TRKCM.IS,20080610,0.94442,0.9598200000000001,0.92389,0.94442,5283653.0
TRKCM.IS,20080609,0.9546899999999999,0.96495,0.94955,0.94955,767393.0
TRKCM.IS,20080606,0.94442,0.97009,0.94442,0.9546899999999999,1501958.0
TRKCM.IS,20080605,0.93929,0.96495,0.93929,0.9546899999999999,3519075.0
TRKCM.IS,20080604,0.92389,0.94442,0.91876,0.9290200000000001,2015474.0
TRKCM.IS,20080603,0.9084899999999999,0.91876,0.9084899999999999,0.9136299999999999,872201.0
TRKCM.IS,20080602,0.9084899999999999,0.92389,0.9084899999999999,0.91876,1032399.0
TRKCM.IS,20080530,0.92389,0.9290200000000001,0.9084899999999999,0.9136299999999999,2368702.0
TRKCM.IS,20080529,0.91876,0.9290200000000001,0.9084899999999999,0.92389,1644940.0
TRKCM.IS,20080528,0.8879600000000001,0.9290200000000001,0.8879600000000001,0.92389,4348774.0
TRKCM.IS,20080527,0.87256,0.8828299999999999,0.8674299999999999,0.8777,495284.0
TRKCM.IS,20080526,0.8828299999999999,0.8930899999999999,0.87256,0.8777,1103133.0
TRKCM.IS,20080523,0.8777,0.89823,0.8777,0.8930899999999999,3402879.0
TRKCM.IS,20080522,0.8623,0.8879600000000001,0.85203,0.87256,1591943.0
TRKCM.IS,20080521,0.89823,0.90336,0.8674299999999999,0.8674299999999999,1654842.0
TRKCM.IS,20080520,0.9290200000000001,0.93929,0.9136299999999999,0.9136299999999999,2836399.0
TRKCM.IS,20080516,0.9290200000000001,0.94442,0.9290200000000001,0.93929,3211363.0
TRKCM.IS,20080515,0.94955,0.94955,0.9290200000000001,0.93929,2084679.0
TRKCM.IS,20080514,0.93416,0.94955,0.93416,0.93416,4444953.0
TRKCM.IS,20080513,0.93929,0.93929,0.92389,0.9290200000000001,536976.0
TRKCM.IS,20080512,0.94955,0.9546899999999999,0.93929,0.93929,374164.0
TRKCM.IS,20080509,0.9546899999999999,0.9598200000000001,0.94442,0.94442,582924.0
TRKCM.IS,20080508,0.9752200000000001,0.9854799999999999,0.9598200000000001,0.97009,277527.0
TRKCM.IS,20080507,0.99575,1.00088,0.9752200000000001,0.9854799999999999,1152785.0
TRKCM.IS,20080506,1.00088,1.01115,0.9906200000000001,0.99575,1138438.0
TRKCM.IS,20080505,1.00601,1.00601,0.9906200000000001,1.00088,787626.0
TRKCM.IS,20080502,1.00601,1.02655,1.00088,1.0162799999999999,1746892.0
TRKCM.IS,20080501,0.9906200000000001,0.99575,0.9854799999999999,0.99575,512494.0
TRKCM.IS,20080430,1.00601,1.02141,0.98035,0.9906200000000001,2357982.0
TRKCM.IS,20080429,1.03168,1.03681,1.02141,1.03168,817953.0
TRKCM.IS,20080428,1.03681,1.0419399999999999,1.02655,1.03168,402544.0
TRKCM.IS,20080425,1.0419399999999999,1.0419399999999999,1.03168,1.03681,742198.0
TRKCM.IS,20080424,1.04708,1.04708,1.0162799999999999,1.03168,1340874.0
TRKCM.IS,20080422,1.02141,1.04708,1.0162799999999999,1.0419399999999999,2151098.0
TRKCM.IS,20080421,1.02141,1.0419399999999999,1.0162799999999999,1.02655,3007744.0
TRKCM.IS,20080418,0.99575,1.0162799999999999,0.99575,1.01115,1306787.0
TRKCM.IS,20080417,1.00088,1.01115,0.9906200000000001,1.00601,3179057.0
TRKCM.IS,20080416,0.99575,1.00088,0.9752200000000001,0.98035,1594622.0
TRKCM.IS,20080415,0.9598200000000001,0.98035,0.9598200000000001,0.9752200000000001,4138527.0
TRKCM.IS,20080414,0.93929,0.9598200000000001,0.93416,0.9598200000000001,2117222.0
TRKCM.IS,20080411,0.97009,0.9752200000000001,0.9546899999999999,0.9598200000000001,4757580.0
TRKCM.IS,20080410,0.97009,0.9854799999999999,0.94955,0.94955,2512033.0
TRKCM.IS,20080409,0.96495,0.99575,0.9598200000000001,0.98035,2060406.0
TRKCM.IS,20080408,0.94442,0.9546899999999999,0.93929,0.9546899999999999,637749.0
TRKCM.IS,20080407,0.93416,0.9546899999999999,0.93416,0.94442,932528.0
TRKCM.IS,20080404,0.9290200000000001,0.93416,0.90336,0.92389,2054849.0
TRKCM.IS,20080403,0.9136299999999999,0.9290200000000001,0.9136299999999999,0.91876,2056720.0
TRKCM.IS,20080402,0.9084899999999999,0.93416,0.89823,0.9290200000000001,3419954.0
TRKCM.IS,20080401,0.8623,0.8879600000000001,0.8366299999999999,0.8828299999999999,6020842.0
TRKCM.IS,20080331,0.89823,0.89823,0.8623,0.87256,1389302.0
TRKCM.IS,20080328,0.93929,0.94955,0.93416,0.94442,946099.0
TRKCM.IS,20080327,0.94955,0.96495,0.94955,0.9546899999999999,684593.0
TRKCM.IS,20080326,0.97009,0.97009,0.9546899999999999,0.9598200000000001,834175.0
TRKCM.IS,20080325,1.01115,1.01115,0.98035,0.9854799999999999,875673.0
TRKCM.IS,20080324,0.9854799999999999,0.9906200000000001,0.9752200000000001,0.9854799999999999,350808.0
TRKCM.IS,20080321,0.9752200000000001,0.9906200000000001,0.97009,0.9854799999999999,1688748.0
TRKCM.IS,20080320,0.94955,0.9546899999999999,0.94442,0.94955,820963.0
TRKCM.IS,20080319,0.9854799999999999,0.9906200000000001,0.9598200000000001,0.97009,1031919.0
TRKCM.IS,20080318,0.9854799999999999,0.9906200000000001,0.9598200000000001,0.97009,1041142.0
TRKCM.IS,20080317,1.02655,1.02655,0.98035,0.98035,1158978.0
TRKCM.IS,20080314,1.07274,1.09327,1.07274,1.09327,1057500.0
TRKCM.IS,20080313,1.10354,1.10354,1.06247,1.06761,1010890.0
TRKCM.IS,20080312,1.14973,1.15486,1.13947,1.15486,1120749.0
TRKCM.IS,20080311,1.10354,1.11893,1.0984,1.11893,446266.0
TRKCM.IS,20080310,1.10867,1.11893,1.10867,1.1138,320668.0
TRKCM.IS,20080307,1.15486,1.15486,1.1292,1.13947,291401.0
TRKCM.IS,20080306,1.19079,1.19593,1.16513,1.17539,237075.0
TRKCM.IS,20080305,1.16,1.17026,1.16,1.17026,169228.0
TRKCM.IS,20080304,1.2113200000000002,1.2113200000000002,1.16513,1.17026,293961.0
TRKCM.IS,20080303,1.19079,1.21646,1.1805299999999999,1.19079,187818.0
TRKCM.IS,20080229,1.27292,1.28318,1.2421200000000001,1.2421200000000001,261623.0
TRKCM.IS,20080228,1.28318,1.28831,1.27292,1.28318,201852.0
TRKCM.IS,20080227,1.3037100000000001,1.3242399999999999,1.27292,1.28318,1112081.0
TRKCM.IS,20080226,1.3037100000000001,1.3242399999999999,1.29345,1.29345,278973.0
TRKCM.IS,20080225,1.31398,1.34477,1.31398,1.33451,738748.0
TRKCM.IS,20080222,1.27292,1.27805,1.25752,1.26778,230248.0
TRKCM.IS,20080221,1.27805,1.28831,1.25239,1.28831,609596.0
TRKCM.IS,20080220,1.22159,1.2421200000000001,1.2061899999999999,1.22672,468650.0
TRKCM.IS,20080219,1.21646,1.22159,1.19593,1.22159,737173.0
TRKCM.IS,20080218,1.19079,1.2061899999999999,1.18566,1.2061899999999999,251412.0
TRKCM.IS,20080215,1.20106,1.22672,1.19079,1.19079,1173649.0
TRKCM.IS,20080214,1.2061899999999999,1.22159,1.2061899999999999,1.2061899999999999,931111.0
TRKCM.IS,20080213,1.17026,1.1805299999999999,1.15486,1.17539,1047854.0
TRKCM.IS,20080212,1.14973,1.16,1.1343299999999998,1.14973,370781.0
TRKCM.IS,20080211,1.18566,1.18566,1.1446,1.15486,170311.0
TRKCM.IS,20080208,1.16513,1.19593,1.16,1.16513,623801.0
TRKCM.IS,20080207,1.16,1.17026,1.1446,1.1446,314688.0
TRKCM.IS,20080206,1.13947,1.17026,1.13947,1.16,217481.0
TRKCM.IS,20080205,1.2061899999999999,1.2113200000000002,1.19593,1.20106,147992.0
TRKCM.IS,20080204,1.19593,1.21646,1.19079,1.2061899999999999,240402.0
TRKCM.IS,20080201,1.17026,1.2061899999999999,1.17026,1.2061899999999999,235898.0
TRKCM.IS,20080131,1.2061899999999999,1.22672,1.1446,1.1446,407838.0
TRKCM.IS,20080130,1.1805299999999999,1.2061899999999999,1.17026,1.20106,219016.0
TRKCM.IS,20080129,1.17026,1.18566,1.16513,1.1805299999999999,194783.0
TRKCM.IS,20080128,1.1805299999999999,1.1805299999999999,1.13947,1.14973,264886.0
TRKCM.IS,20080125,1.17539,1.22159,1.17539,1.20106,370509.0
TRKCM.IS,20080124,1.13947,1.16,1.1343299999999998,1.15486,363916.0
TRKCM.IS,20080123,1.1292,1.15486,1.1138,1.1343299999999998,756426.0
TRKCM.IS,20080122,1.0881399999999999,1.1292,1.05734,1.10354,816254.0
TRKCM.IS,20080121,1.25239,1.25239,1.14973,1.16513,386109.0
TRKCM.IS,20080118,1.25239,1.28318,1.23699,1.28318,421565.0
TRKCM.IS,20080117,1.29345,1.30885,1.25239,1.26265,485818.0
TRKCM.IS,20080116,1.35504,1.3755700000000002,1.27292,1.28318,1215502.0
TRKCM.IS,20080115,1.4063700000000001,1.4063700000000001,1.38584,1.3961,98815.0
TRKCM.IS,20080114,1.38584,1.4063700000000001,1.38584,1.4063700000000001,1089908.0
TRKCM.IS,20080111,1.4063700000000001,1.4166299999999998,1.3961,1.4063700000000001,597953.0
TRKCM.IS,20080110,1.4269,1.4269,1.4063700000000001,1.4063700000000001,849687.0
TRKCM.IS,20080109,1.4269,1.4269,1.3961,1.4063700000000001,1294861.0
TRKCM.IS,20080108,1.43716,1.44743,1.4063700000000001,1.4269,246052.0
TRKCM.IS,20080107,1.4269,1.4269,1.4063700000000001,1.4166299999999998,333908.0
TRKCM.IS,20080104,1.4269,1.43716,1.4269,1.4269,193196.0
TRKCM.IS,20080103,1.4269,1.44743,1.4269,1.4269,711674.0
TRKCM.IS,20080102,1.44743,1.45769,1.4269,1.43716,688046.0
TRKCM.IS,20071231,1.44743,1.44743,1.43716,1.43716,198489.0
